0 0 0 0 0 1 1 0 0 0
0 0 0 0 1 1 1 0 0 0
0 0 0 0 16 1 1 0 0 0
0 0 0 0 1024 1 1 0 0 0
0 0 0 1 0 2 1 0 0 0
0 0 0 1 1 2 1 0 0 0
0 0 0 1 16 2 1 0 0 0
0 0 0 1 1024 2 1 0 0 0
0 0 0 2 0 1 1 0 1 0
0 0 0 2 1 1 1 0 1 0
0 0 0 2 16 1 1 0 1 0
0 0 0 2 1024 1 1 0 1 0
0 0 1 0 0 1 1 1 0 0
0 0 1 0 1 1 1 1 0 0
0 0 1 0 16 1 1 1 0 0
0 0 1 0 1024 1 1 1 0 0
0 0 1 1 0 2 1 1 0 0
0 0 1 1 1 2 1 1 0 0
0 0 1 1 16 2 1 1 0 0
0 0 1 1 1024 2 1 1 0 0
0 0 1 2 0 1 1 1 1 0
0 0 1 2 1 1 1 1 1 0
0 0 1 2 16 1 1 1 1 0
0 0 1 2 1024 1 1 1 1 0
0 9 0 0 0 1 10 0 0 0
0 9 0 0 1 1 10 0 0 0
0 9 0 0 16 1 10 0 0 0
0 9 0 0 1024 1 10 0 0 0
0 9 0 1 0 2 10 0 0 0
0 9 0 1 1 2 10 0 0 0
0 9 0 1 16 2 10 0 0 0
0 9 0 1 1024 2 10 0 0 0
0 9 0 2 0 1 10 0 1 0
0 9 0 2 1 1 10 0 1 0
0 9 0 2 16 1 10 0 1 0
0 9 0 2 1024 1 10 0 1 0
0 9 1 0 0 1 10 1 0 0
0 9 1 0 1 1 10 1 0 0
0 9 1 0 16 1 10 1 0 0
0 9 1 0 1024 1 10 1 0 0
0 9 1 1 0 2 10 1 0 0
0 9 1 1 1 2 10 1 0 0
0 9 1 1 16 2 10 1 0 0
0 9 1 1 1024 2 10 1 0 0
0 9 1 2 0 1 10 1 1 0
0 9 1 2 1 1 10 1 1 0
0 9 1 2 16 1 10 1 1 0
0 9 1 2 1024 1 10 1 1 0
0 10 0 0 0 1 10 1 0 0
0 10 0 0 1 1 10 1 0 0
0 10 0 0 16 1 10 0 0 0
0 10 0 0 1024 1 10 1 0 0
0 10 0 1 0 2 10 1 0 0
0 10 0 1 1 2 10 1 0 0
0 10 0 1 16 2 10 0 0 0
0 10 0 1 1024 2 10 1 0 0
0 10 0 2 0 1 10 1 1 0
0 10 0 2 1 1 10 1 1 0
0 10 0 2 16 1 10 0 1 0
0 10 0 2 1024 1 10 1 1 0
0 10 1 0 0 1 10 1 0 0
0 10 1 0 1 1 10 1 0 0
0 10 1 0 16 2 10 1 0 0
0 10 1 0 1024 1 10 1 0 0
0 10 1 1 0 2 10 1 0 0
0 10 1 1 1 2 10 1 0 0
0 10 1 1 16 2 10 1 1 0
0 10 1 1 1024 2 10 1 0 0
0 10 1 2 0 1 10 1 1 0
0 10 1 2 1 1 10 1 1 0
0 10 1 2 16 2 10 1 2 0
0 10 1 2 1024 1 10 1 1 0
1 0 0 0 0 1 1 0 0 0
1 0 0 0 1 1 1 0 0 0
1 0 0 0 16 1 1 0 0 0
1 0 0 0 1024 1 1 0 0 0
1 0 0 1 0 2 1 0 0 0
1 0 0 1 1 2 1 0 0 0
1 0 0 1 16 2 1 0 0 0
1 0 0 1 1024 2 1 0 0 0
1 0 0 2 0 1 1 0 1 0
1 0 0 2 1 1 1 0 1 0
1 0 0 2 16 1 1 0 1 0
1 0 0 2 1024 1 1 0 1 0
1 0 1 0 0 1 1 1 0 0
1 0 1 0 1 1 1 1 0 0
1 0 1 0 16 1 1 1 0 0
1 0 1 0 1024 1 1 1 0 0
1 0 1 1 0 2 1 1 0 0
1 0 1 1 1 2 1 1 0 0
1 0 1 1 16 2 1 1 0 0
1 0 1 1 1024 2 1 1 0 0
1 0 1 2 0 1 1 1 1 0
1 0 1 2 1 1 1 1 1 0
1 0 1 2 16 1 1 1 1 0
1 0 1 2 1024 1 1 1 1 0
1 9 0 0 0 1 10 0 0 0
1 9 0 0 1 1 10 0 0 0
1 9 0 0 16 1 10 0 0 0
1 9 0 0 1024 1 10 0 0 0
1 9 0 1 0 2 10 0 0 0
1 9 0 1 1 2 10 0 0 0
1 9 0 1 16 2 10 0 0 0
1 9 0 1 1024 2 10 0 0 0
1 9 0 2 0 1 10 0 1 0
1 9 0 2 1 1 10 0 1 0
1 9 0 2 16 1 10 0 1 0
1 9 0 2 1024 1 10 0 1 0
1 9 1 0 0 1 10 1 0 0
1 9 1 0 1 1 10 1 0 0
1 9 1 0 16 1 10 1 0 0
1 9 1 0 1024 1 10 1 0 0
1 9 1 1 0 2 10 1 0 0
1 9 1 1 1 2 10 1 0 0
1 9 1 1 16 2 10 1 0 0
1 9 1 1 1024 2 10 1 0 0
1 9 1 2 0 1 10 1 1 0
1 9 1 2 1 1 10 1 1 0
1 9 1 2 16 1 10 1 1 0
1 9 1 2 1024 1 10 1 1 0
1 10 0 0 0 1 10 1 0 0
1 10 0 0 1 1 10 1 0 0
1 10 0 0 16 1 10 0 0 0
1 10 0 0 1024 1 10 1 0 0
1 10 0 1 0 2 10 1 0 0
1 10 0 1 1 2 10 1 0 0
1 10 0 1 16 2 10 0 0 0
1 10 0 1 1024 2 10 1 0 0
1 10 0 2 0 1 10 1 1 0
1 10 0 2 1 1 10 1 1 0
1 10 0 2 16 1 10 0 1 0
1 10 0 2 1024 1 10 1 1 0
1 10 1 0 0 1 10 1 0 0
1 10 1 0 1 1 10 1 0 0
1 10 1 0 16 2 10 1 0 0
1 10 1 0 1024 1 10 1 0 0
1 10 1 1 0 2 10 1 0 0
1 10 1 1 1 2 10 1 0 0
1 10 1 1 16 2 10 1 1 0
1 10 1 1 1024 2 10 1 0 0
1 10 1 2 0 1 10 1 1 0
1 10 1 2 1 1 10 1 1 0
1 10 1 2 16 2 10 1 2 0
1 10 1 2 1024 1 10 1 1 0
2 0 0 0 0 2 0 0 0 1
2 0 0 0 1 2 0 0 0 1
2 0 0 0 16 2 0 0 0 1
2 0 0 0 1024 2 0 0 0 1
2 0 0 1 0 2 0 0 1 1
2 0 0 1 1 2 0 0 1 1
2 0 0 1 16 2 0 0 1 1
2 0 0 1 1024 2 0 0 1 1
2 0 0 2 0 2 0 0 2 1
2 0 0 2 1 2 0 0 2 1
2 0 0 2 16 2 0 0 2 1
2 0 0 2 1024 2 0 0 2 1
2 0 1 0 0 2 0 1 0 1
2 0 1 0 1 2 0 1 0 1
2 0 1 0 16 2 0 1 0 1
2 0 1 0 1024 2 0 1 0 1
2 0 1 1 0 2 0 1 1 1
2 0 1 1 1 2 0 1 1 1
2 0 1 1 16 2 0 1 1 1
2 0 1 1 1024 2 0 1 1 1
2 0 1 2 0 2 0 1 2 1
2 0 1 2 1 2 0 1 2 1
2 0 1 2 16 2 0 1 2 1
2 0 1 2 1024 2 0 1 2 1
2 9 0 0 0 2 9 0 0 1
2 9 0 0 1 2 9 0 0 1
2 9 0 0 16 2 9 0 0 1
2 9 0 0 1024 2 9 0 0 1
2 9 0 1 0 2 9 0 1 1
2 9 0 1 1 2 9 0 1 1
2 9 0 1 16 2 9 0 1 1
2 9 0 1 1024 2 9 0 1 1
2 9 0 2 0 2 9 0 2 1
2 9 0 2 1 2 9 0 2 1
2 9 0 2 16 2 9 0 2 1
2 9 0 2 1024 2 9 0 2 1
2 9 1 0 0 2 9 1 0 1
2 9 1 0 1 2 9 1 0 1
2 9 1 0 16 2 9 1 0 1
2 9 1 0 1024 2 9 1 0 1
2 9 1 1 0 2 9 1 1 1
2 9 1 1 1 2 9 1 1 1
2 9 1 1 16 2 9 1 1 1
2 9 1 1 1024 2 9 1 1 1
2 9 1 2 0 2 9 1 2 1
2 9 1 2 1 2 9 1 2 1
2 9 1 2 16 2 9 1 2 1
2 9 1 2 1024 2 9 1 2 1
2 10 0 0 0 2 10 0 0 1
2 10 0 0 1 2 10 0 0 1
2 10 0 0 16 2 10 0 0 1
2 10 0 0 1024 2 10 0 0 1
2 10 0 1 0 2 10 0 1 1
2 10 0 1 1 2 10 0 1 1
2 10 0 1 16 2 10 0 1 1
2 10 0 1 1024 2 10 0 1 1
2 10 0 2 0 2 10 0 2 1
2 10 0 2 1 2 10 0 2 1
2 10 0 2 16 2 10 0 2 1
2 10 0 2 1024 2 10 0 2 1
2 10 1 0 0 2 10 1 0 1
2 10 1 0 1 2 10 1 0 1
2 10 1 0 16 2 10 1 0 1
2 10 1 0 1024 2 10 1 0 1
2 10 1 1 0 2 10 1 1 1
2 10 1 1 1 2 10 1 1 1
2 10 1 1 16 2 10 1 1 1
2 10 1 1 1024 2 10 1 1 1
2 10 1 2 0 2 10 1 2 1
2 10 1 2 1 2 10 1 2 1
2 10 1 2 16 2 10 1 2 1
2 10 1 2 1024 2 10 1 2 1
