0 0 0
0 0 0
0 0 0
2 2 2
2 0 0
2 0 0
2 0 0
2 0 0
2 0 0
2 0 0
2 0 0
2 0 0
2 0 0
2 0 0
2 0 0
2 0 0
2 0 0
2 0 0
2 0 0
2 0 0
2 0 0
2 0 0
2 0 0
2 0 0
2 0 0
2 0 0
2 0 0
2 0 0
2 0 0
2 0 0
2 0 0
2 0 0
2 0 0
2 0 0
2 0 0
2 0 0
2 0 0
2 0 0
2 0 0
2 0 0
2 0 0
2 0 0
2 0 0
2 0 0
2 0 0
2 0 0
2 0 0
2 0 0
2 0 0
2 0 0
2 0 0
2 0 0
2 0 0
2 0 2
2 0 0
2 0 0
2 0 0
2 0 0
2 0 2
2 0 0
2 0 0
2 0 0
2 0 0
2 0 2
2 0 0
2 0 0
2 0 0
2 0 0
2 0 2
2 0 0
2 0 0
2 0 0
2 0 0
2 0 2
2 0 0
2 0 0
10 8 8
10 0 0
10 0 0
10 0 0
10 0 0
10 0 0
10 0 0
10 0 0
10 0 0
10 0 0
10 0 0
10 0 0
10 0 0
10 0 0
10 0 0
10 0 0
10 0 0
10 0 0
10 0 0
10 0 0
10 0 0
10 0 0
10 0 0
10 0 0
10 0 0
10 0 0
10 0 0
10 0 0
10 0 0
10 0 0
10 0 0
10 0 0
10 0 0
10 0 0
10 0 0
10 0 0
10 0 0
10 0 0
10 0 0
10 0 0
10 0 0
10 0 0
10 0 0
10 0 0
10 0 0
10 0 0
10 0 0
10 0 0
10 0 0
10 0 0
10 0 10
10 0 0
10 0 0
10 0 0
10 0 0
10 0 10
10 0 0
10 0 0
10 0 0
10 0 0
10 0 10
10 0 0
10 0 0
8 0 0
8 0 0
8 0 0
8 0 0
8 0 0
8 0 0
8 0 0
8 0 0
8 0 0
8 0 0
8 0 0
8 0 0
8 0 0
8 0 0
8 0 0
8 0 0
8 0 0
8 0 0
8 0 0
8 0 0
0 0 0
0 0 0
1 1 1
1 0 0
1 0 0
1 0 0
1 0 0
1 0 0
1 0 0
1 0 0
1 0 0
1 0 0
1 0 0
1 0 0
1 0 0
1 0 0
1 0 0
1 0 0
1 0 0
1 0 0
1 0 0
1 0 0
1 0 0
1 0 0
1 0 0
1 0 0
1 0 0
1 0 0
1 0 0
1 0 0
1 0 0
1 0 0
1 0 0
1 0 0
1 0 0
1 0 0
1 0 0
1 0 0
1 0 0
1 0 0
1 0 0
1 0 0
1 0 0
1 0 0
1 0 0
1 0 0
1 0 0
1 0 0
1 0 0
1 0 0
1 0 0
1 0 0
1 0 1
1 0 0
1 0 0
1 0 0
1 0 0
1 0 1
1 0 0
2 2 0
18 16 16
16 0 16
0 0 0
4 4 4
12 8 0
8 0 0
0 0 0
1023 1023 1023
0 0 0
759 759 759
759 0 0
759 0 0
759 0 0
759 0 0
759 0 0
759 0 0
759 0 0
759 0 0
759 0 0
759 0 0
759 0 0
759 0 0
759 0 0
759 0 0
759 0 0
759 0 0
759 0 0
759 0 0
759 0 0
759 0 0
759 0 0
759 0 0
759 0 0
759 0 0
759 0 0
759 0 0
759 0 0
759 0 0
759 0 0
759 0 0
759 0 0
759 0 0
759 0 0
163 0 160
163 0 0
163 0 0
163 0 0
163 0 0
163 0 0
163 0 0
163 0 0
163 0 0
163 0 0
163 0 0
163 0 0
163 0 0
163 0 0
163 0 0
163 0 0
163 0 0
163 0 0
163 0 0
163 0 0
163 0 0
163 0 0
163 0 0
163 0 0
163 0 0
163 0 0
163 0 0
163 0 0
163 0 0
163 0 0
163 0 0
163 0 0
163 0 0
163 0 0
163 0 0
163 0 0
163 0 0
163 0 0
163 0 0
163 0 0
163 0 0
163 0 0
163 0 0
163 0 0
163 0 0
310 276 308
310 0 0
310 0 0
310 0 0
310 0 0
310 0 0
310 0 0
310 0 0
310 0 0
310 0 0
310 0 0
310 0 0
310 0 0
310 0 0
310 0 0
310 0 0
310 0 0
310 0 0
310 0 0
310 0 0
310 0 0
310 0 0
310 0 0
310 0 0
310 0 0
310 0 0
310 0 0
310 0 0
310 0 0
310 0 0
310 0 0
310 0 0
310 0 0
310 0 0
310 0 0
310 0 0
310 0 0
310 0 0
310 0 0
310 0 0
310 0 0
310 0 0
310 0 0
310 0 0
310 0 0
310 0 0
310 0 0
310 0 0
310 0 0
310 0 0
310 0 310
310 0 0
310 0 0
310 0 0
310 0 0
310 0 310
310 0 0
310 0 0
310 0 0
310 0 0
310 0 310
310 0 0
310 0 0
310 0 0
864 576 864
864 0 0
864 0 0
864 0 0
864 0 0
864 0 0
864 0 0
864 0 0
864 0 0
864 0 0
864 0 0
864 0 0
864 0 0
864 0 0
864 0 0
864 0 0
864 0 0
864 0 0
864 0 0
864 0 0
864 0 0
864 0 0
864 0 0
864 0 0
864 0 0
864 0 0
864 0 0
864 0 0
864 0 0
864 0 0
864 0 0
864 0 0
864 0 0
864 0 0
864 0 0
864 0 0
864 0 0
864 0 0
864 0 0
864 0 0
864 0 0
864 0 0
864 0 0
864 0 0
864 0 0
864 0 0
864 0 0
864 0 0
864 0 0
864 0 0
864 0 864
864 0 0
864 0 0
864 0 0
864 0 0
864 0 864
864 0 0
864 0 0
864 0 0
864 0 0
864 0 864
864 0 0
864 0 0
351 31 351
351 0 0
351 0 0
351 0 0
351 0 0
351 0 0
351 0 0
351 0 0
351 0 0
351 0 0
351 0 0
351 0 0
351 0 0
351 0 0
351 0 0
351 0 0
351 0 0
351 0 0
351 0 0
351 0 0
351 0 0
351 0 0
351 0 0
351 0 0
351 0 0
351 0 0
351 0 0
351 0 0
351 0 0
351 0 0
351 0 0
351 0 0
351 0 0
943 672 928
943 0 0
943 0 0
943 0 0
943 0 0
943 0 0
943 0 0
943 0 0
943 0 0
943 0 0
943 0 0
943 0 0
943 0 0
943 0 0
943 0 0
943 0 0
943 0 0
943 0 0
943 0 0
943 0 0
943 0 0
943 0 0
943 0 0
943 0 0
943 0 0
943 0 0
943 0 0
943 0 0
943 0 0
943 0 0
943 0 0
943 0 0
943 0 0
943 0 0
943 0 0
943 0 0
959 16 944
959 0 0
959 0 0
959 0 0
959 0 0
959 0 0
959 0 0
959 0 0
959 0 0
959 0 0
959 0 0
959 0 0
959 0 0
959 0 0
959 0 0
959 0 0
959 0 0
959 0 0
959 0 0
959 0 0
959 0 0
959 0 0
959 0 0
959 0 0
959 0 0
959 0 0
959 0 0
959 0 0
959 0 0
959 0 0
959 0 0
959 0 0
959 0 0
959 0 0
959 0 0
959 0 0
959 0 0
54 0 48
54 0 0
54 0 0
54 0 0
54 0 0
54 0 0
54 0 0
54 0 0
54 0 0
54 0 0
54 0 0
54 0 0
54 0 0
54 0 0
54 0 0
54 0 0
54 0 0
54 0 0
54 0 0
54 0 0
54 0 0
54 0 0
54 0 0
54 0 0
54 0 0
54 0 0
54 0 0
54 0 0
54 0 0
54 0 0
54 0 0
54 0 0
54 0 0
54 0 0
54 0 0
54 0 0
54 0 0
54 0 0
54 0 0
54 0 0
54 0 0
54 0 0
54 0 0
54 0 0
54 0 0
54 0 0
54 0 0
54 0 0
54 0 0
54 0 0
54 0 54
54 0 0
54 0 0
54 0 0
54 0 0
54 0 54
54 0 0
54 0 0
54 0 0
156 136 144
156 0 0
156 0 0
156 0 0
156 0 0
156 0 0
156 0 0
156 0 0
156 0 0
156 0 0
156 0 0
156 0 0
156 0 0
156 0 0
156 0 0
156 0 0
156 0 0
156 0 0
156 0 0
156 0 0
156 0 0
156 0 0
156 0 0
156 0 0
156 0 0
156 0 0
156 0 0
156 0 0
156 0 0
156 0 0
156 0 0
156 0 0
156 0 0
156 0 0
156 0 0
156 0 0
156 0 0
156 0 0
563 547 563
563 0 0
563 0 0
563 0 0
563 0 0
563 0 0
563 0 0
563 0 0
563 0 0
563 0 0
563 0 0
563 0 0
563 0 0
563 0 0
563 0 0
563 0 0
563 0 0
563 0 0
563 0 0
563 0 0
563 0 0
563 0 0
563 0 0
563 0 0
563 0 0
563 0 0
734 204 732
734 0 0
734 0 0
734 0 0
734 0 0
734 0 0
734 0 0
734 0 0
734 0 0
734 0 0
734 0 0
734 0 0
734 0 0
734 0 0
734 0 0
734 0 0
734 0 0
734 0 0
734 0 0
734 0 0
734 0 0
734 0 0
734 0 0
734 0 0
734 0 0
734 0 0
734 0 0
734 0 0
734 0 0
734 0 0
734 0 0
734 0 0
734 0 0
734 0 0
734 0 0
734 0 0
734 0 0
734 0 0
734 0 0
734 0 0
734 0 0
734 0 0
734 0 0
734 0 0
734 0 0
734 0 0
734 0 0
734 0 0
734 0 0
734 0 0
734 0 734
734 0 0
734 0 0
734 0 0
734 0 0
734 0 734
734 0 0
734 0 0
734 0 0
734 0 0
734 0 734
734 0 0
734 0 0
734 0 0
586 0 576
586 0 0
586 0 0
586 0 0
586 0 0
586 0 0
586 0 0
586 0 0
586 0 0
586 0 0
586 0 0
586 0 0
586 0 0
586 0 0
586 0 0
586 0 0
586 0 0
586 0 0
586 0 0
586 0 0
586 0 0
586 0 0
586 0 0
586 0 0
586 0 0
586 0 0
586 0 0
586 0 0
586 0 0
586 0 0
586 0 0
586 0 0
987 401 976
987 0 0
987 0 0
987 0 0
987 0 0
987 0 0
987 0 0
987 0 0
987 0 0
987 0 0
987 0 0
987 0 0
987 0 0
987 0 0
987 0 0
987 0 0
987 0 0
437 36 432
437 0 0
437 0 0
437 0 0
437 0 0
437 0 0
437 0 0
437 0 0
437 0 0
437 0 0
437 0 0
437 0 0
437 0 0
437 0 0
437 0 0
437 0 0
437 0 0
437 0 0
437 0 0
437 0 0
437 0 0
437 0 0
437 0 0
437 0 0
437 0 0
437 0 0
437 0 0
437 0 0
437 0 0
437 0 0
437 0 0
437 0 0
437 0 0
437 0 0
437 0 0
437 0 0
437 0 0
437 0 0
437 0 0
437 0 0
437 0 0
437 0 0
437 0 0
437 0 0
437 0 0
437 0 0
437 0 0
437 0 0
437 0 0
437 0 0
437 0 437
437 0 0
437 0 0
437 0 0
437 0 0
437 0 437
437 0 0
141 8 128
141 0 0
141 0 0
141 0 0
141 0 0
141 0 0
141 0 0
141 0 0
141 0 0
141 0 0
141 0 0
141 0 0
141 0 0
141 0 0
141 0 0
141 0 0
141 0 0
141 0 0
141 0 0
141 0 0
141 0 0
141 0 0
141 0 0
141 0 0
141 0 0
141 0 0
141 0 0
141 0 0
141 0 0
141 0 0
141 0 0
141 0 0
141 0 0
141 0 0
141 0 0
141 0 0
141 0 0
141 0 0
141 0 0
141 0 0
141 0 0
141 0 0
141 0 0
141 0 0
141 0 0
141 0 0
141 0 0
587 578 576
587 0 0
587 0 0
587 0 0
587 0 0
587 0 0
587 0 0
587 0 0
587 0 0
587 0 0
587 0 0
587 0 0
587 0 0
587 0 0
587 0 0
587 0 0
587 0 0
587 0 0
587 0 0
587 0 0
587 0 0
587 0 0
587 0 0
587 0 0
587 0 0
587 0 0
587 0 0
587 0 0
587 0 0
587 0 0
587 0 0
587 0 0
587 0 0
587 0 0
587 0 0
587 0 0
587 0 0
587 0 0
587 0 0
587 0 0
587 0 0
587 0 0
587 0 0
587 0 0
587 0 0
587 0 0
587 0 0
587 0 0
587 0 0
587 0 0
587 0 587
587 0 0
587 0 0
587 0 0
587 0 0
587 0 587
587 0 0
587 0 0
587 0 0
314 304 304
314 0 0
314 0 0
314 0 0
314 0 0
314 0 0
314 0 0
314 0 0
314 0 0
314 0 0
314 0 0
314 0 0
314 0 0
314 0 0
314 0 0
314 0 0
314 0 0
314 0 0
314 0 0
314 0 0
314 0 0
314 0 0
314 0 0
314 0 0
314 0 0
314 0 0
314 0 0
314 0 0
314 0 0
314 0 0
314 0 0
314 0 0
314 0 0
314 0 0
314 0 0
314 0 0
314 0 0
314 0 0
314 0 0
329 65 320
329 0 0
329 0 0
329 0 0
329 0 0
329 0 0
329 0 0
329 0 0
329 0 0
329 0 0
329 0 0
329 0 0
329 0 0
329 0 0
329 0 0
329 0 0
329 0 0
329 0 0
329 0 0
329 0 0
329 0 0
329 0 0
329 0 0
329 0 0
329 0 0
329 0 0
329 0 0
329 0 0
329 0 0
329 0 0
329 0 0
329 0 0
329 0 0
329 0 0
329 0 0
329 0 0
329 0 0
329 0 0
329 0 0
329 0 0
329 0 0
329 0 0
329 0 0
329 0 0
329 0 0
329 0 0
329 0 0
329 0 0
329 0 0
329 0 0
329 0 329
329 0 0
329 0 0
329 0 0
329 0 0
329 0 329
329 0 0
329 0 0
329 0 0
329 0 0
329 0 329
730 658 720
730 0 0
32 32 32
32 0 0
32 0 0
32 0 0
32 0 0
32 0 0
32 0 0
32 0 0
32 0 0
32 0 0
32 0 0
32 0 0
32 0 0
32 0 0
32 0 0
32 0 0
32 0 0
32 0 0
32 0 0
32 0 0
32 0 0
32 0 0
32 0 0
32 0 0
32 0 0
32 0 0
32 0 0
32 0 0
32 0 0
32 0 0
32 0 0
32 0 0
32 0 0
32 0 0
32 0 0
32 0 0
32 0 0
32 0 0
32 0 0
32 0 0
745 713 745
745 0 0
745 0 0
745 0 0
745 0 0
745 0 0
745 0 0
745 0 0
745 0 0
745 0 0
745 0 0
745 0 0
745 0 0
745 0 0
745 0 0
745 0 0
745 0 0
745 0 0
745 0 0
745 0 0
745 0 0
745 0 0
745 0 0
745 0 0
745 0 0
745 0 0
745 0 0
745 0 0
745 0 0
745 0 0
745 0 0
745 0 0
745 0 0
745 0 0
745 0 0
745 0 0
745 0 0
745 0 0
745 0 0
745 0 0
745 0 0
745 0 0
745 0 0
745 0 0
745 0 0
745 0 0
745 0 0
393 256 384
393 0 0
393 0 0
393 0 0
393 0 0
393 0 0
393 0 0
978 594 976
978 0 0
978 0 0
978 0 0
978 0 0
978 0 0
978 0 0
978 0 0
978 0 0
978 0 0
978 0 0
978 0 0
978 0 0
978 0 0
978 0 0
978 0 0
978 0 0
978 0 0
978 0 0
978 0 0
44 44 44
44 0 0
44 0 0
44 0 0
44 0 0
44 0 0
44 0 0
44 0 0
44 0 0
44 0 0
44 0 0
44 0 0
44 0 0
44 0 0
44 0 0
552 512 544
552 0 0
552 0 0
552 0 0
552 0 0
552 0 0
552 0 0
552 0 0
540 20 528
540 0 0
540 0 0
540 0 0
540 0 0
540 0 0
540 0 0
540 0 0
540 0 0
540 0 0
540 0 0
540 0 0
540 0 0
540 0 0
540 0 0
540 0 0
540 0 0
540 0 0
540 0 0
540 0 0
540 0 0
540 0 0
540 0 0
540 0 0
540 0 0
540 0 0
540 0 0
540 0 0
540 0 0
540 0 0
540 0 0
540 0 0
540 0 0
213 193 209
213 0 0
213 0 0
213 0 0
213 0 0
213 0 0
213 0 0
213 0 0
213 0 0
213 0 0
213 0 0
213 0 0
213 0 0
213 0 0
213 0 0
213 0 0
213 0 0
213 0 0
213 0 0
213 0 0
213 0 0
213 0 0
213 0 0
213 0 0
213 0 0
596 512 592
596 0 0
596 0 0
596 0 0
596 0 0
775 259 771
775 0 0
775 0 0
775 0 0
775 0 0
775 0 0
775 0 0
775 0 0
775 0 0
775 0 0
386 128 384
386 0 0
386 0 0
386 0 0
386 0 0
386 0 0
386 0 0
386 0 0
386 0 0
386 0 0
386 0 0
386 0 0
386 0 0
386 0 0
386 0 0
386 0 0
386 0 0
386 0 0
386 0 0
386 0 0
386 0 0
386 0 0
386 0 0
386 0 0
386 0 0
386 0 0
386 0 0
386 0 0
386 0 0
386 0 0
386 0 0
386 0 0
386 0 0
386 0 0
386 0 0
386 0 0
386 0 0
386 0 0
386 0 0
386 0 0
386 0 0
386 0 0
386 0 0
386 0 0
269 13 268
269 0 0
269 0 0
269 0 0
269 0 0
269 0 0
269 0 0
269 0 0
269 0 0
269 0 0
269 0 0
269 0 0
269 0 0
269 0 0
269 0 0
269 0 0
269 0 0
269 0 0
269 0 0
269 0 0
269 0 0
269 0 0
269 0 0
269 0 0
269 0 0
269 0 0
269 0 0
269 0 0
269 0 0
269 0 0
269 0 0
269 0 0
269 0 0
269 0 0
269 0 0
269 0 0
269 0 0
269 0 0
269 0 0
343 82 336
343 0 0
343 0 0
343 0 0
343 0 0
343 0 0
343 0 0
343 0 0
343 0 0
343 0 0
343 0 0
343 0 0
373 32 368
373 0 0
373 0 0
373 0 0
373 0 0
373 0 0
373 0 0
373 0 0
373 0 0
373 0 0
373 0 0
373 0 0
373 0 0
373 0 0
373 0 0
373 0 0
373 0 0
373 0 0
373 0 0
373 0 0
373 0 0
373 0 0
373 0 0
373 0 0
373 0 0
373 0 0
373 0 0
373 0 0
373 0 0
373 0 0
373 0 0
373 0 0
373 0 0
373 0 0
373 0 0
373 0 0
373 0 0
373 0 0
373 0 0
373 0 0
373 0 0
373 0 0
373 0 0
373 0 0
373 0 0
373 0 0
454 130 448
454 0 0
497 49 496
497 0 0
497 0 0
497 0 0
497 0 0
497 0 0
497 0 0
497 0 0
497 0 0
497 0 0
497 0 0
497 0 0
497 0 0
497 0 0
497 0 0
497 0 0
497 0 0
497 0 0
497 0 0
497 0 0
497 0 0
497 0 0
497 0 0
497 0 0
497 0 0
497 0 0
497 0 0
497 0 0
497 0 0
497 0 0
497 0 0
497 0 0
497 0 0
497 0 0
497 0 0
497 0 0
497 0 0
497 0 0
497 0 0
497 0 0
497 0 0
497 0 0
497 0 0
497 0 0
497 0 0
497 0 0
497 0 0
1023 526 1020
1023 0 0
1023 0 0
1023 0 0
1023 0 0
1023 0 0
1023 0 0
1023 0 0
1023 0 0
1023 0 0
1023 0 0
1023 0 0
1023 0 0
1023 0 0
1023 0 0
1023 0 0
1023 0 0
1023 0 0
1023 0 0
1023 0 0
1023 0 0
1023 0 0
1023 0 0
1023 0 0
1023 0 0
1023 0 0
1023 0 0
1023 0 0
1023 0 0
1023 0 0
1023 0 0
750 0 736
750 0 0
750 0 0
750 0 0
750 0 0
750 0 0
750 0 0
750 0 0
750 0 0
750 0 0
750 0 0
750 0 0
750 0 0
750 0 0
750 0 0
750 0 0
750 0 0
750 0 0
750 0 0
750 0 0
65 1 64
65 0 0
65 0 0
65 0 0
848 784 848
848 0 0
848 0 0
848 0 0
848 0 0
848 0 0
848 0 0
848 0 0
821 37 821
821 0 0
821 0 0
821 0 0
821 0 0
821 0 0
821 0 0
821 0 0
821 0 0
821 0 0
821 0 0
821 0 0
821 0 0
821 0 0
821 0 0
821 0 0
821 0 0
821 0 0
821 0 0
198 194 192
198 0 0
198 0 0
198 0 0
198 0 0
877 809 864
877 0 0
877 0 0
877 0 0
877 0 0
877 0 0
877 0 0
877 0 0
877 0 0
877 0 0
877 0 0
877 0 0
877 0 0
877 0 0
877 0 0
877 0 0
877 0 0
877 0 0
877 0 0
877 0 0
877 0 0
877 0 0
877 0 0
877 0 0
877 0 0
877 0 0
877 0 0
877 0 0
877 0 0
877 0 0
877 0 0
877 0 0
970 130 960
970 0 0
970 0 0
970 0 0
970 0 0
970 0 0
970 0 0
970 0 0
968 0 960
968 0 0
968 0 0
968 0 0
968 0 0
968 0 0
968 0 0
968 0 0
968 0 0
968 0 0
968 0 0
968 0 0
968 0 0
968 0 0
968 0 0
968 0 0
968 0 0
968 0 0
346 18 338
346 0 0
544 544 544
544 0 0
544 0 0
544 0 0
544 0 0
544 0 0
544 0 0
544 0 0
544 0 0
544 0 0
544 0 0
544 0 0
544 0 0
544 0 0
544 0 0
544 0 0
544 0 0
544 0 0
544 0 0
544 0 0
544 0 0
22 22 22
22 0 0
22 0 0
22 0 0
22 0 0
22 0 0
22 0 0
22 0 0
22 0 0
22 0 0
22 0 0
22 0 0
22 0 0
22 0 0
22 0 0
22 0 0
22 0 0
22 0 0
22 0 0
22 0 0
22 0 0
22 0 0
22 0 0
22 0 0
22 0 0
22 0 0
22 0 0
22 0 0
22 0 0
22 0 0
22 0 0
22 0 0
22 0 0
22 0 0
22 0 0
22 0 0
22 0 0
22 0 0
22 0 0
22 0 0
22 0 0
22 0 0
22 0 0
22 0 0
22 0 0
22 0 0
22 0 0
22 0 0
22 0 0
22 0 0
22 0 22
22 0 0
22 0 0
22 0 0
22 0 0
22 0 22
22 0 0
22 0 0
22 0 0
22 0 0
22 0 22
22 0 0
22 0 0
22 0 0
22 0 0
22 0 22
22 0 0
22 0 0
22 0 0
22 0 0
22 0 22
22 0 0
22 0 0
22 0 0
22 0 0
22 0 22
22 0 0
22 0 0
22 0 0
22 0 0
22 0 22
22 0 0
22 0 0
22 0 0
22 0 0
22 0 22
22 0 0
22 0 0
22 0 0
22 0 0
22 0 22
22 0 0
259 257 256
259 0 0
259 0 0
259 0 0
259 0 0
259 0 0
259 0 0
259 0 0
259 0 0
259 0 0
259 0 0
259 0 0
259 0 0
259 0 0
259 0 0
259 0 0
259 0 0
259 0 0
259 0 0
259 0 0
259 0 0
259 0 0
259 0 0
259 0 0
259 0 0
259 0 0
259 0 0
259 0 0
259 0 0
259 0 0
259 0 0
259 0 0
259 0 0
259 0 0
259 0 0
259 0 0
259 0 0
259 0 0
259 0 0
259 0 0
259 0 0
259 0 0
259 0 0
259 0 0
259 0 0
259 0 0
259 0 0
259 0 0
259 0 0
259 0 0
259 0 259
259 0 0
259 0 0
259 0 0
259 0 0
259 0 259
259 0 0
259 0 0
259 0 0
259 0 0
836 580 836
836 0 0
836 0 0
