110 0 -1 400 400 0 0 0 0 111 249 -1 0 0 0 0 0 1 15
110 0 0 400 400 0 0 0 0 111 249 0 0 0 0 0 0 1 15
110 0 1 400 400 0 0 0 0 111 249 1 0 0 0 0 0 1 15
110 0 -1 400 400 100 0 1 0 111 249 -1 1 0 100 0 0 1 15
110 0 0 400 400 100 0 1 0 111 249 0 1 0 100 0 0 1 15
110 0 1 400 400 100 0 1 0 111 249 1 1 0 100 0 0 1 15
110 0 -1 400 400 0 100 0 1 111 249 -1 0 1 0 100 0 1 15
110 0 0 400 400 0 100 0 1 111 249 0 0 1 0 100 0 1 15
110 0 1 400 400 0 100 0 1 111 249 1 0 1 0 100 0 1 15
110 0 -1 400 400 100 100 0 0 111 249 -1 0 0 100 100 0 1 15
110 0 0 400 400 100 100 0 0 111 249 0 0 0 100 100 0 1 15
110 0 1 400 400 100 100 0 0 111 249 1 0 0 100 100 0 1 15
110 0 -1 0 400 0 0 0 0 111 249 -1 0 0 0 0 0 1 15
110 0 0 0 400 0 0 0 0 111 249 0 0 0 0 0 0 1 15
110 0 1 0 400 0 0 0 0 111 249 1 0 0 0 0 0 1 15
110 0 -1 0 400 100 0 1 0 111 249 -1 1 0 100 0 0 1 15
110 0 0 0 400 100 0 1 0 111 249 0 1 0 100 0 0 1 15
110 0 1 0 400 100 0 1 0 111 249 1 1 0 100 0 0 1 15
110 0 -1 0 400 0 100 0 1 111 249 -1 0 1 0 100 0 1 15
110 0 0 0 400 0 100 0 1 111 249 0 0 1 0 100 0 1 15
110 0 1 0 400 0 100 0 1 111 249 1 0 1 0 100 0 1 15
110 0 -1 0 400 100 100 0 0 111 249 -1 0 0 100 100 0 1 15
110 0 0 0 400 100 100 0 0 111 249 0 0 0 100 100 0 1 15
110 0 1 0 400 100 100 0 0 111 249 1 0 0 100 100 0 1 15
110 0 -1 400 0 0 0 0 0 111 249 -1 0 0 0 0 0 1 15
110 0 0 400 0 0 0 0 0 111 249 0 0 0 0 0 0 1 15
110 0 1 400 0 0 0 0 0 111 249 1 0 0 0 0 0 1 15
110 0 -1 400 0 100 0 1 0 111 249 -1 1 0 100 0 0 1 15
110 0 0 400 0 100 0 1 0 111 249 0 1 0 100 0 0 1 15
110 0 1 400 0 100 0 1 0 111 249 1 1 0 100 0 0 1 15
110 0 -1 400 0 0 100 0 1 111 249 -1 0 1 0 100 0 1 15
110 0 0 400 0 0 100 0 1 111 249 0 0 1 0 100 0 1 15
110 0 1 400 0 0 100 0 1 111 249 1 0 1 0 100 0 1 15
110 0 -1 400 0 100 100 0 0 111 249 -1 0 0 100 100 0 1 15
110 0 0 400 0 100 100 0 0 111 249 0 0 0 100 100 0 1 15
110 0 1 400 0 100 100 0 0 111 249 1 0 0 100 100 0 1 15
110 0 -1 0 0 0 0 0 0 111 249 -1 0 0 0 0 0 1 15
110 0 0 0 0 0 0 0 0 111 249 0 0 0 0 0 0 1 15
110 0 1 0 0 0 0 0 0 111 249 1 0 0 0 0 0 1 15
110 0 -1 0 0 100 0 1 0 111 249 -1 1 0 100 0 0 1 15
110 0 0 0 0 100 0 1 0 111 249 0 1 0 100 0 0 1 15
110 0 1 0 0 100 0 1 0 111 249 1 1 0 100 0 0 1 15
110 0 -1 0 0 0 100 0 1 111 249 -1 0 1 0 100 0 1 15
110 0 0 0 0 0 100 0 1 111 249 0 0 1 0 100 0 1 15
110 0 1 0 0 0 100 0 1 111 249 1 0 1 0 100 0 1 15
110 0 -1 0 0 100 100 0 0 111 249 -1 0 0 100 100 0 1 15
110 0 0 0 0 100 100 0 0 111 249 0 0 0 100 100 0 1 15
110 0 1 0 0 100 100 0 0 111 249 1 0 0 100 100 0 1 15
110 1 -1 400 400 0 0 0 0 110 0 -1 0 0 0 0 0 0
110 1 0 400 400 0 0 0 0 110 0 0 0 0 0 0 0 0
110 1 1 400 400 0 0 0 0 110 0 1 0 0 0 0 0 0
110 1 -1 400 400 100 0 1 0 110 0 -1 1 0 100 0 0 0
110 1 0 400 400 100 0 1 0 110 0 0 1 0 100 0 0 0
110 1 1 400 400 100 0 1 0 110 0 1 1 0 100 0 0 0
110 1 -1 400 400 0 100 0 1 110 0 -1 0 1 0 100 0 0
110 1 0 400 400 0 100 0 1 110 0 0 0 1 0 100 0 0
110 1 1 400 400 0 100 0 1 110 0 1 0 1 0 100 0 0
110 1 -1 400 400 100 100 0 0 110 0 -1 0 0 100 100 0 0
110 1 0 400 400 100 100 0 0 110 0 0 0 0 100 100 0 0
110 1 1 400 400 100 100 0 0 110 0 1 0 0 100 100 0 0
110 1 -1 0 400 0 0 0 0 110 0 -1 0 0 0 0 0 0
110 1 0 0 400 0 0 0 0 110 0 0 0 0 0 0 0 0
110 1 1 0 400 0 0 0 0 110 0 1 0 0 0 0 0 0
110 1 -1 0 400 100 0 1 0 110 0 -1 1 0 100 0 0 0
110 1 0 0 400 100 0 1 0 110 0 0 1 0 100 0 0 0
110 1 1 0 400 100 0 1 0 110 0 1 1 0 100 0 0 0
110 1 -1 0 400 0 100 0 1 110 0 -1 0 1 0 100 0 0
110 1 0 0 400 0 100 0 1 110 0 0 0 1 0 100 0 0
110 1 1 0 400 0 100 0 1 110 0 1 0 1 0 100 0 0
110 1 -1 0 400 100 100 0 0 110 0 -1 0 0 100 100 0 0
110 1 0 0 400 100 100 0 0 110 0 0 0 0 100 100 0 0
110 1 1 0 400 100 100 0 0 110 0 1 0 0 100 100 0 0
110 1 -1 400 0 0 0 0 0 110 0 -1 0 0 0 0 0 0
110 1 0 400 0 0 0 0 0 110 0 0 0 0 0 0 0 0
110 1 1 400 0 0 0 0 0 110 0 1 0 0 0 0 0 0
110 1 -1 400 0 100 0 1 0 110 0 -1 1 0 100 0 0 0
110 1 0 400 0 100 0 1 0 110 0 0 1 0 100 0 0 0
110 1 1 400 0 100 0 1 0 110 0 1 1 0 100 0 0 0
110 1 -1 400 0 0 100 0 1 110 0 -1 0 1 0 100 0 0
110 1 0 400 0 0 100 0 1 110 0 0 0 1 0 100 0 0
110 1 1 400 0 0 100 0 1 110 0 1 0 1 0 100 0 0
110 1 -1 400 0 100 100 0 0 110 0 -1 0 0 100 100 0 0
110 1 0 400 0 100 100 0 0 110 0 0 0 0 100 100 0 0
110 1 1 400 0 100 100 0 0 110 0 1 0 0 100 100 0 0
110 1 -1 0 0 0 0 0 0 110 0 -1 0 0 0 0 0 0
110 1 0 0 0 0 0 0 0 110 0 0 0 0 0 0 0 0
110 1 1 0 0 0 0 0 0 110 0 1 0 0 0 0 0 0
110 1 -1 0 0 100 0 1 0 110 0 -1 1 0 100 0 0 0
110 1 0 0 0 100 0 1 0 110 0 0 1 0 100 0 0 0
110 1 1 0 0 100 0 1 0 110 0 1 1 0 100 0 0 0
110 1 -1 0 0 0 100 0 1 110 0 -1 0 1 0 100 0 0
110 1 0 0 0 0 100 0 1 110 0 0 0 1 0 100 0 0
110 1 1 0 0 0 100 0 1 110 0 1 0 1 0 100 0 0
110 1 -1 0 0 100 100 0 0 110 0 -1 0 0 100 100 0 0
110 1 0 0 0 100 100 0 0 110 0 0 0 0 100 100 0 0
110 1 1 0 0 100 100 0 0 110 0 1 0 0 100 100 0 0
111 0 -1 400 400 0 0 0 0 112 49 -1 0 0 0 0 0 1 25
111 0 0 400 400 0 0 0 0 112 49 0 0 0 0 0 0 1 25
111 0 1 400 400 0 0 0 0 112 49 1 0 0 0 0 0 1 25
111 0 -1 400 400 100 0 1 0 112 49 -1 1 0 100 0 0 1 25
111 0 0 400 400 100 0 1 0 112 49 0 1 0 100 0 0 1 25
111 0 1 400 400 100 0 1 0 112 49 1 1 0 100 0 0 1 25
111 0 -1 400 400 0 100 0 1 112 49 -1 0 1 0 100 0 1 25
111 0 0 400 400 0 100 0 1 112 49 0 0 1 0 100 0 1 25
111 0 1 400 400 0 100 0 1 112 49 1 0 1 0 100 0 1 25
111 0 -1 400 400 100 100 0 0 112 49 -1 0 0 100 100 0 1 25
111 0 0 400 400 100 100 0 0 112 49 0 0 0 100 100 0 1 25
111 0 1 400 400 100 100 0 0 112 49 1 0 0 100 100 0 1 25
111 0 -1 0 400 0 0 0 0 112 49 -1 0 0 0 0 0 1 25
111 0 0 0 400 0 0 0 0 112 49 0 0 0 0 0 0 1 25
111 0 1 0 400 0 0 0 0 112 49 1 0 0 0 0 0 1 25
111 0 -1 0 400 100 0 1 0 112 49 -1 1 0 100 0 0 1 25
111 0 0 0 400 100 0 1 0 112 49 0 1 0 100 0 0 1 25
111 0 1 0 400 100 0 1 0 112 49 1 1 0 100 0 0 1 25
111 0 -1 0 400 0 100 0 1 112 49 -1 0 1 0 100 0 1 25
111 0 0 0 400 0 100 0 1 112 49 0 0 1 0 100 0 1 25
111 0 1 0 400 0 100 0 1 112 49 1 0 1 0 100 0 1 25
111 0 -1 0 400 100 100 0 0 112 49 -1 0 0 100 100 0 1 25
111 0 0 0 400 100 100 0 0 112 49 0 0 0 100 100 0 1 25
111 0 1 0 400 100 100 0 0 112 49 1 0 0 100 100 0 1 25
111 0 -1 400 0 0 0 0 0 112 49 -1 0 0 0 0 0 1 25
111 0 0 400 0 0 0 0 0 112 49 0 0 0 0 0 0 1 25
111 0 1 400 0 0 0 0 0 112 49 1 0 0 0 0 0 1 25
111 0 -1 400 0 100 0 1 0 112 49 -1 1 0 100 0 0 1 25
111 0 0 400 0 100 0 1 0 112 49 0 1 0 100 0 0 1 25
111 0 1 400 0 100 0 1 0 112 49 1 1 0 100 0 0 1 25
111 0 -1 400 0 0 100 0 1 112 49 -1 0 1 0 100 0 1 25
111 0 0 400 0 0 100 0 1 112 49 0 0 1 0 100 0 1 25
111 0 1 400 0 0 100 0 1 112 49 1 0 1 0 100 0 1 25
111 0 -1 400 0 100 100 0 0 112 49 -1 0 0 100 100 0 1 25
111 0 0 400 0 100 100 0 0 112 49 0 0 0 100 100 0 1 25
111 0 1 400 0 100 100 0 0 112 49 1 0 0 100 100 0 1 25
111 0 -1 0 0 0 0 0 0 112 49 -1 0 0 0 0 0 1 25
111 0 0 0 0 0 0 0 0 112 49 0 0 0 0 0 0 1 25
111 0 1 0 0 0 0 0 0 112 49 1 0 0 0 0 0 1 25
111 0 -1 0 0 100 0 1 0 112 49 -1 1 0 100 0 0 1 25
111 0 0 0 0 100 0 1 0 112 49 0 1 0 100 0 0 1 25
111 0 1 0 0 100 0 1 0 112 49 1 1 0 100 0 0 1 25
111 0 -1 0 0 0 100 0 1 112 49 -1 0 1 0 100 0 1 25
111 0 0 0 0 0 100 0 1 112 49 0 0 1 0 100 0 1 25
111 0 1 0 0 0 100 0 1 112 49 1 0 1 0 100 0 1 25
111 0 -1 0 0 100 100 0 0 112 49 -1 0 0 100 100 0 1 25
111 0 0 0 0 100 100 0 0 112 49 0 0 0 100 100 0 1 25
111 0 1 0 0 100 100 0 0 112 49 1 0 0 100 100 0 1 25
111 1 -1 400 400 0 0 0 0 111 0 -1 0 0 0 0 0 0
111 1 0 400 400 0 0 0 0 111 0 0 0 0 0 0 0 0
111 1 1 400 400 0 0 0 0 111 0 1 0 0 0 0 0 0
111 1 -1 400 400 100 0 1 0 111 0 -1 1 0 100 0 0 0
111 1 0 400 400 100 0 1 0 111 0 0 1 0 100 0 0 0
111 1 1 400 400 100 0 1 0 111 0 1 1 0 100 0 0 0
111 1 -1 400 400 0 100 0 1 111 0 -1 0 1 0 100 0 0
111 1 0 400 400 0 100 0 1 111 0 0 0 1 0 100 0 0
111 1 1 400 400 0 100 0 1 111 0 1 0 1 0 100 0 0
111 1 -1 400 400 100 100 0 0 111 0 -1 0 0 100 100 0 0
111 1 0 400 400 100 100 0 0 111 0 0 0 0 100 100 0 0
111 1 1 400 400 100 100 0 0 111 0 1 0 0 100 100 0 0
111 1 -1 0 400 0 0 0 0 111 0 -1 0 0 0 0 0 0
111 1 0 0 400 0 0 0 0 111 0 0 0 0 0 0 0 0
111 1 1 0 400 0 0 0 0 111 0 1 0 0 0 0 0 0
111 1 -1 0 400 100 0 1 0 111 0 -1 1 0 100 0 0 0
111 1 0 0 400 100 0 1 0 111 0 0 1 0 100 0 0 0
111 1 1 0 400 100 0 1 0 111 0 1 1 0 100 0 0 0
111 1 -1 0 400 0 100 0 1 111 0 -1 0 1 0 100 0 0
111 1 0 0 400 0 100 0 1 111 0 0 0 1 0 100 0 0
111 1 1 0 400 0 100 0 1 111 0 1 0 1 0 100 0 0
111 1 -1 0 400 100 100 0 0 111 0 -1 0 0 100 100 0 0
111 1 0 0 400 100 100 0 0 111 0 0 0 0 100 100 0 0
111 1 1 0 400 100 100 0 0 111 0 1 0 0 100 100 0 0
111 1 -1 400 0 0 0 0 0 111 0 -1 0 0 0 0 0 0
111 1 0 400 0 0 0 0 0 111 0 0 0 0 0 0 0 0
111 1 1 400 0 0 0 0 0 111 0 1 0 0 0 0 0 0
111 1 -1 400 0 100 0 1 0 111 0 -1 1 0 100 0 0 0
111 1 0 400 0 100 0 1 0 111 0 0 1 0 100 0 0 0
111 1 1 400 0 100 0 1 0 111 0 1 1 0 100 0 0 0
111 1 -1 400 0 0 100 0 1 111 0 -1 0 1 0 100 0 0
111 1 0 400 0 0 100 0 1 111 0 0 0 1 0 100 0 0
111 1 1 400 0 0 100 0 1 111 0 1 0 1 0 100 0 0
111 1 -1 400 0 100 100 0 0 111 0 -1 0 0 100 100 0 0
111 1 0 400 0 100 100 0 0 111 0 0 0 0 100 100 0 0
111 1 1 400 0 100 100 0 0 111 0 1 0 0 100 100 0 0
111 1 -1 0 0 0 0 0 0 111 0 -1 0 0 0 0 0 0
111 1 0 0 0 0 0 0 0 111 0 0 0 0 0 0 0 0
111 1 1 0 0 0 0 0 0 111 0 1 0 0 0 0 0 0
111 1 -1 0 0 100 0 1 0 111 0 -1 1 0 100 0 0 0
111 1 0 0 0 100 0 1 0 111 0 0 1 0 100 0 0 0
111 1 1 0 0 100 0 1 0 111 0 1 1 0 100 0 0 0
111 1 -1 0 0 0 100 0 1 111 0 -1 0 1 0 100 0 0
111 1 0 0 0 0 100 0 1 111 0 0 0 1 0 100 0 0
111 1 1 0 0 0 100 0 1 111 0 1 0 1 0 100 0 0
111 1 -1 0 0 100 100 0 0 111 0 -1 0 0 100 100 0 0
111 1 0 0 0 100 100 0 0 111 0 0 0 0 100 100 0 0
111 1 1 0 0 100 100 0 0 111 0 1 0 0 100 100 0 0
112 0 -1 400 400 0 0 0 0 200 -1 -1 0 0 0 0 0 0
112 0 0 400 400 0 0 0 0 200 -1 0 0 0 0 0 0 0
112 0 1 400 400 0 0 0 0 200 -1 1 0 0 0 0 0 0
112 0 -1 400 400 100 0 1 0 200 -1 -1 1 0 100 0 0 0
112 0 0 400 400 100 0 1 0 200 -1 0 1 0 100 0 0 0
112 0 1 400 400 100 0 1 0 200 -1 1 1 0 100 0 0 0
112 0 -1 400 400 0 100 0 1 200 -1 -1 0 1 0 100 0 0
112 0 0 400 400 0 100 0 1 200 -1 0 0 1 0 100 0 0
112 0 1 400 400 0 100 0 1 200 -1 1 0 1 0 100 0 0
112 0 -1 400 400 100 100 0 0 200 -1 -1 0 0 100 100 0 0
112 0 0 400 400 100 100 0 0 200 -1 0 0 0 100 100 0 0
112 0 1 400 400 100 100 0 0 200 -1 1 0 0 100 100 0 0
112 0 -1 0 400 0 0 0 0 200 -1 -1 0 0 0 0 0 0
112 0 0 0 400 0 0 0 0 200 -1 0 0 0 0 0 0 0
112 0 1 0 400 0 0 0 0 200 -1 1 0 0 0 0 0 0
112 0 -1 0 400 100 0 1 0 200 -1 -1 1 0 100 0 0 0
112 0 0 0 400 100 0 1 0 200 -1 0 1 0 100 0 0 0
112 0 1 0 400 100 0 1 0 200 -1 1 1 0 100 0 0 0
112 0 -1 0 400 0 100 0 1 200 -1 -1 0 1 0 100 0 0
112 0 0 0 400 0 100 0 1 200 -1 0 0 1 0 100 0 0
112 0 1 0 400 0 100 0 1 200 -1 1 0 1 0 100 0 0
112 0 -1 0 400 100 100 0 0 200 -1 -1 0 0 100 100 0 0
112 0 0 0 400 100 100 0 0 200 -1 0 0 0 100 100 0 0
112 0 1 0 400 100 100 0 0 200 -1 1 0 0 100 100 0 0
112 0 -1 400 0 0 0 0 0 200 -1 -1 0 0 0 0 0 0
112 0 0 400 0 0 0 0 0 200 -1 0 0 0 0 0 0 0
112 0 1 400 0 0 0 0 0 200 -1 1 0 0 0 0 0 0
112 0 -1 400 0 100 0 1 0 200 -1 -1 1 0 100 0 0 0
112 0 0 400 0 100 0 1 0 200 -1 0 1 0 100 0 0 0
112 0 1 400 0 100 0 1 0 200 -1 1 1 0 100 0 0 0
112 0 -1 400 0 0 100 0 1 200 -1 -1 0 1 0 100 0 0
112 0 0 400 0 0 100 0 1 200 -1 0 0 1 0 100 0 0
112 0 1 400 0 0 100 0 1 200 -1 1 0 1 0 100 0 0
112 0 -1 400 0 100 100 0 0 200 -1 -1 0 0 100 100 0 0
112 0 0 400 0 100 100 0 0 200 -1 0 0 0 100 100 0 0
112 0 1 400 0 100 100 0 0 200 -1 1 0 0 100 100 0 0
112 0 -1 0 0 0 0 0 0 200 -1 -1 0 0 0 0 0 0
112 0 0 0 0 0 0 0 0 200 -1 0 0 0 0 0 0 0
112 0 1 0 0 0 0 0 0 200 -1 1 0 0 0 0 0 0
112 0 -1 0 0 100 0 1 0 200 -1 -1 1 0 100 0 0 0
112 0 0 0 0 100 0 1 0 200 -1 0 1 0 100 0 0 0
112 0 1 0 0 100 0 1 0 200 -1 1 1 0 100 0 0 0
112 0 -1 0 0 0 100 0 1 200 -1 -1 0 1 0 100 0 0
112 0 0 0 0 0 100 0 1 200 -1 0 0 1 0 100 0 0
112 0 1 0 0 0 100 0 1 200 -1 1 0 1 0 100 0 0
112 0 -1 0 0 100 100 0 0 200 -1 -1 0 0 100 100 0 0
112 0 0 0 0 100 100 0 0 200 -1 0 0 0 100 100 0 0
112 0 1 0 0 100 100 0 0 200 -1 1 0 0 100 100 0 0
112 1 -1 400 400 0 0 0 0 112 0 -1 0 0 0 0 0 0
112 1 0 400 400 0 0 0 0 112 0 0 0 0 0 0 0 0
112 1 1 400 400 0 0 0 0 112 0 1 0 0 0 0 0 0
112 1 -1 400 400 100 0 1 0 112 0 -1 1 0 100 0 0 0
112 1 0 400 400 100 0 1 0 112 0 0 1 0 100 0 0 0
112 1 1 400 400 100 0 1 0 112 0 1 1 0 100 0 0 0
112 1 -1 400 400 0 100 0 1 112 0 -1 0 1 0 100 0 0
112 1 0 400 400 0 100 0 1 112 0 0 0 1 0 100 0 0
112 1 1 400 400 0 100 0 1 112 0 1 0 1 0 100 0 0
112 1 -1 400 400 100 100 0 0 112 0 -1 0 0 100 100 0 0
112 1 0 400 400 100 100 0 0 112 0 0 0 0 100 100 0 0
112 1 1 400 400 100 100 0 0 112 0 1 0 0 100 100 0 0
112 1 -1 0 400 0 0 0 0 112 0 -1 0 0 0 0 0 0
112 1 0 0 400 0 0 0 0 112 0 0 0 0 0 0 0 0
112 1 1 0 400 0 0 0 0 112 0 1 0 0 0 0 0 0
112 1 -1 0 400 100 0 1 0 112 0 -1 1 0 100 0 0 0
112 1 0 0 400 100 0 1 0 112 0 0 1 0 100 0 0 0
112 1 1 0 400 100 0 1 0 112 0 1 1 0 100 0 0 0
112 1 -1 0 400 0 100 0 1 112 0 -1 0 1 0 100 0 0
112 1 0 0 400 0 100 0 1 112 0 0 0 1 0 100 0 0
112 1 1 0 400 0 100 0 1 112 0 1 0 1 0 100 0 0
112 1 -1 0 400 100 100 0 0 112 0 -1 0 0 100 100 0 0
112 1 0 0 400 100 100 0 0 112 0 0 0 0 100 100 0 0
112 1 1 0 400 100 100 0 0 112 0 1 0 0 100 100 0 0
112 1 -1 400 0 0 0 0 0 112 0 -1 0 0 0 0 0 0
112 1 0 400 0 0 0 0 0 112 0 0 0 0 0 0 0 0
112 1 1 400 0 0 0 0 0 112 0 1 0 0 0 0 0 0
112 1 -1 400 0 100 0 1 0 112 0 -1 1 0 100 0 0 0
112 1 0 400 0 100 0 1 0 112 0 0 1 0 100 0 0 0
112 1 1 400 0 100 0 1 0 112 0 1 1 0 100 0 0 0
112 1 -1 400 0 0 100 0 1 112 0 -1 0 1 0 100 0 0
112 1 0 400 0 0 100 0 1 112 0 0 0 1 0 100 0 0
112 1 1 400 0 0 100 0 1 112 0 1 0 1 0 100 0 0
112 1 -1 400 0 100 100 0 0 112 0 -1 0 0 100 100 0 0
112 1 0 400 0 100 100 0 0 112 0 0 0 0 100 100 0 0
112 1 1 400 0 100 100 0 0 112 0 1 0 0 100 100 0 0
112 1 -1 0 0 0 0 0 0 112 0 -1 0 0 0 0 0 0
112 1 0 0 0 0 0 0 0 112 0 0 0 0 0 0 0 0
112 1 1 0 0 0 0 0 0 112 0 1 0 0 0 0 0 0
112 1 -1 0 0 100 0 1 0 112 0 -1 1 0 100 0 0 0
112 1 0 0 0 100 0 1 0 112 0 0 1 0 100 0 0 0
112 1 1 0 0 100 0 1 0 112 0 1 1 0 100 0 0 0
112 1 -1 0 0 0 100 0 1 112 0 -1 0 1 0 100 0 0
112 1 0 0 0 0 100 0 1 112 0 0 0 1 0 100 0 0
112 1 1 0 0 0 100 0 1 112 0 1 0 1 0 100 0 0
112 1 -1 0 0 100 100 0 0 112 0 -1 0 0 100 100 0 0
112 1 0 0 0 100 100 0 0 112 0 0 0 0 100 100 0 0
112 1 1 0 0 100 100 0 0 112 0 1 0 0 100 100 0 0
200 0 -1 400 400 0 0 0 0 200 0 -1 0 0 0 0 0 0
200 0 0 400 400 0 0 0 0 300 0 0 0 0 0 0 0 0
200 0 1 400 400 0 0 0 0 200 0 0 0 0 0 0 0 0
200 0 -1 400 400 100 0 1 0 300 0 -1 1 0 100 0 0 0
200 0 0 400 400 100 0 1 0 300 0 0 1 0 100 0 0 0
200 0 1 400 400 100 0 1 0 300 0 0 1 0 100 0 0 0
200 0 -1 400 400 0 100 0 1 300 0 -1 0 1 0 100 0 0
200 0 0 400 400 0 100 0 1 300 0 0 0 1 0 100 0 0
200 0 1 400 400 0 100 0 1 300 0 0 0 1 0 100 0 0
200 0 -1 400 400 100 100 0 0 300 0 -1 0 0 100 100 0 0
200 0 0 400 400 100 100 0 0 300 0 0 0 0 100 100 0 0
200 0 1 400 400 100 100 0 0 300 0 0 0 0 100 100 0 0
200 0 -1 0 400 0 0 0 0 300 0 -1 0 0 0 0 0 0
200 0 0 0 400 0 0 0 0 300 0 0 0 0 0 0 0 0
200 0 1 0 400 0 0 0 0 300 0 0 0 0 0 0 0 0
200 0 -1 0 400 100 0 1 0 300 0 -1 1 0 100 0 0 0
200 0 0 0 400 100 0 1 0 300 0 0 1 0 100 0 0 0
200 0 1 0 400 100 0 1 0 300 0 0 1 0 100 0 0 0
200 0 -1 0 400 0 100 0 1 300 0 -1 0 1 0 100 0 0
200 0 0 0 400 0 100 0 1 300 0 0 0 1 0 100 0 0
200 0 1 0 400 0 100 0 1 300 0 0 0 1 0 100 0 0
200 0 -1 0 400 100 100 0 0 300 0 -1 0 0 100 100 0 0
200 0 0 0 400 100 100 0 0 300 0 0 0 0 100 100 0 0
200 0 1 0 400 100 100 0 0 300 0 0 0 0 100 100 0 0
200 0 -1 400 0 0 0 0 0 200 0 -1 0 0 0 0 0 0
200 0 0 400 0 0 0 0 0 300 0 0 0 0 0 0 0 0
200 0 1 400 0 0 0 0 0 200 0 0 0 0 0 0 0 0
200 0 -1 400 0 100 0 1 0 300 0 -1 1 0 100 0 0 0
200 0 0 400 0 100 0 1 0 300 0 0 1 0 100 0 0 0
200 0 1 400 0 100 0 1 0 300 0 0 1 0 100 0 0 0
200 0 -1 400 0 0 100 0 1 300 0 -1 0 1 0 100 0 0
200 0 0 400 0 0 100 0 1 300 0 0 0 1 0 100 0 0
200 0 1 400 0 0 100 0 1 300 0 0 0 1 0 100 0 0
200 0 -1 400 0 100 100 0 0 300 0 -1 0 0 100 100 0 0
200 0 0 400 0 100 100 0 0 300 0 0 0 0 100 100 0 0
200 0 1 400 0 100 100 0 0 300 0 0 0 0 100 100 0 0
200 0 -1 0 0 0 0 0 0 300 0 -1 0 0 0 0 0 0
200 0 0 0 0 0 0 0 0 300 0 0 0 0 0 0 0 0
200 0 1 0 0 0 0 0 0 300 0 0 0 0 0 0 0 0
200 0 -1 0 0 100 0 1 0 300 0 -1 1 0 100 0 0 0
200 0 0 0 0 100 0 1 0 300 0 0 1 0 100 0 0 0
200 0 1 0 0 100 0 1 0 300 0 0 1 0 100 0 0 0
200 0 -1 0 0 0 100 0 1 300 0 -1 0 1 0 100 0 0
200 0 0 0 0 0 100 0 1 300 0 0 0 1 0 100 0 0
200 0 1 0 0 0 100 0 1 300 0 0 0 1 0 100 0 0
200 0 -1 0 0 100 100 0 0 300 0 -1 0 0 100 100 0 0
200 0 0 0 0 100 100 0 0 300 0 0 0 0 100 100 0 0
200 0 1 0 0 100 100 0 0 300 0 0 0 0 100 100 0 0
200 1 -1 400 400 0 0 0 0 200 1 -1 0 0 0 0 0 0
200 1 0 400 400 0 0 0 0 300 0 0 0 0 0 0 0 0
200 1 1 400 400 0 0 0 0 200 1 0 0 0 0 0 0 0
200 1 -1 400 400 100 0 1 0 300 0 -1 1 0 100 0 0 0
200 1 0 400 400 100 0 1 0 300 0 0 1 0 100 0 0 0
200 1 1 400 400 100 0 1 0 300 0 0 1 0 100 0 0 0
200 1 -1 400 400 0 100 0 1 300 0 -1 0 1 0 100 0 0
200 1 0 400 400 0 100 0 1 300 0 0 0 1 0 100 0 0
200 1 1 400 400 0 100 0 1 300 0 0 0 1 0 100 0 0
200 1 -1 400 400 100 100 0 0 300 0 -1 0 0 100 100 0 0
200 1 0 400 400 100 100 0 0 300 0 0 0 0 100 100 0 0
200 1 1 400 400 100 100 0 0 300 0 0 0 0 100 100 0 0
200 1 -1 0 400 0 0 0 0 300 0 -1 0 0 0 0 0 0
200 1 0 0 400 0 0 0 0 300 0 0 0 0 0 0 0 0
200 1 1 0 400 0 0 0 0 300 0 0 0 0 0 0 0 0
200 1 -1 0 400 100 0 1 0 300 0 -1 1 0 100 0 0 0
200 1 0 0 400 100 0 1 0 300 0 0 1 0 100 0 0 0
200 1 1 0 400 100 0 1 0 300 0 0 1 0 100 0 0 0
200 1 -1 0 400 0 100 0 1 300 0 -1 0 1 0 100 0 0
200 1 0 0 400 0 100 0 1 300 0 0 0 1 0 100 0 0
200 1 1 0 400 0 100 0 1 300 0 0 0 1 0 100 0 0
200 1 -1 0 400 100 100 0 0 300 0 -1 0 0 100 100 0 0
200 1 0 0 400 100 100 0 0 300 0 0 0 0 100 100 0 0
200 1 1 0 400 100 100 0 0 300 0 0 0 0 100 100 0 0
200 1 -1 400 0 0 0 0 0 200 1 -1 0 0 0 0 0 0
200 1 0 400 0 0 0 0 0 300 0 0 0 0 0 0 0 0
200 1 1 400 0 0 0 0 0 200 1 0 0 0 0 0 0 0
200 1 -1 400 0 100 0 1 0 300 0 -1 1 0 100 0 0 0
200 1 0 400 0 100 0 1 0 300 0 0 1 0 100 0 0 0
200 1 1 400 0 100 0 1 0 300 0 0 1 0 100 0 0 0
200 1 -1 400 0 0 100 0 1 300 0 -1 0 1 0 100 0 0
200 1 0 400 0 0 100 0 1 300 0 0 0 1 0 100 0 0
200 1 1 400 0 0 100 0 1 300 0 0 0 1 0 100 0 0
200 1 -1 400 0 100 100 0 0 300 0 -1 0 0 100 100 0 0
200 1 0 400 0 100 100 0 0 300 0 0 0 0 100 100 0 0
200 1 1 400 0 100 100 0 0 300 0 0 0 0 100 100 0 0
200 1 -1 0 0 0 0 0 0 300 0 -1 0 0 0 0 0 0
200 1 0 0 0 0 0 0 0 300 0 0 0 0 0 0 0 0
200 1 1 0 0 0 0 0 0 300 0 0 0 0 0 0 0 0
200 1 -1 0 0 100 0 1 0 300 0 -1 1 0 100 0 0 0
200 1 0 0 0 100 0 1 0 300 0 0 1 0 100 0 0 0
200 1 1 0 0 100 0 1 0 300 0 0 1 0 100 0 0 0
200 1 -1 0 0 0 100 0 1 300 0 -1 0 1 0 100 0 0
200 1 0 0 0 0 100 0 1 300 0 0 0 1 0 100 0 0
200 1 1 0 0 0 100 0 1 300 0 0 0 1 0 100 0 0
200 1 -1 0 0 100 100 0 0 300 0 -1 0 0 100 100 0 0
200 1 0 0 0 100 100 0 0 300 0 0 0 0 100 100 0 0
200 1 1 0 0 100 100 0 0 300 0 0 0 0 100 100 0 0
300 0 -1 400 400 0 0 0 0 430 0 -1 0 0 0 0 1 0
300 0 0 400 400 0 0 0 0 430 0 0 0 0 0 0 1 0
300 0 1 400 400 0 0 0 0 430 0 1 0 0 0 0 1 0
300 0 -1 400 400 100 0 1 0 410 0 -1 1 0 100 0 0 0
300 0 0 400 400 100 0 1 0 410 0 0 1 0 100 0 0 0
300 0 1 400 400 100 0 1 0 410 0 1 1 0 100 0 0 0
300 0 -1 400 400 0 100 0 1 420 0 -1 0 1 0 100 1 0
300 0 0 400 400 0 100 0 1 420 0 0 0 1 0 100 1 0
300 0 1 400 400 0 100 0 1 420 0 1 0 1 0 100 1 0
300 0 -1 400 400 100 100 0 0 430 0 -1 0 0 100 100 1 0
300 0 0 400 400 100 100 0 0 430 0 0 0 0 100 100 1 0
300 0 1 400 400 100 100 0 0 430 0 1 0 0 100 100 1 0
300 0 -1 0 400 0 0 0 0 430 0 -1 0 0 0 0 1 0
300 0 0 0 400 0 0 0 0 430 0 0 0 0 0 1 1 0
300 0 1 0 400 0 0 0 0 430 0 1 0 0 0 0 1 0
300 0 -1 0 400 100 0 1 0 410 0 -1 1 0 100 0 0 0
300 0 0 0 400 100 0 1 0 410 0 0 1 0 100 1 0 0
300 0 1 0 400 100 0 1 0 410 0 1 1 0 100 0 0 0
300 0 -1 0 400 0 100 0 1 420 0 -1 0 1 0 100 1 0
300 0 0 0 400 0 100 0 1 420 0 0 0 1 0 101 1 0
300 0 1 0 400 0 100 0 1 420 0 1 0 1 0 100 1 0
300 0 -1 0 400 100 100 0 0 430 0 -1 0 0 100 100 1 0
300 0 0 0 400 100 100 0 0 420 0 0 0 0 100 101 1 0
300 0 1 0 400 100 100 0 0 430 0 1 0 0 100 100 1 0
300 0 -1 400 0 0 0 0 0 430 0 -1 0 0 0 0 1 0
300 0 0 400 0 0 0 0 0 430 0 0 0 0 0 0 1 0
300 0 1 400 0 0 0 0 0 430 0 1 0 0 0 0 1 0
300 0 -1 400 0 100 0 1 0 410 0 -1 1 0 100 0 0 0
300 0 0 400 0 100 0 1 0 410 0 0 1 0 100 0 0 0
300 0 1 400 0 100 0 1 0 410 0 1 1 0 100 0 0 0
300 0 -1 400 0 0 100 0 1 420 0 -1 0 1 0 100 1 0
300 0 0 400 0 0 100 0 1 420 0 0 0 1 0 100 1 0
300 0 1 400 0 0 100 0 1 420 0 1 0 1 0 100 1 0
300 0 -1 400 0 100 100 0 0 430 0 -1 0 0 100 100 1 0
300 0 0 400 0 100 100 0 0 430 0 0 0 0 100 100 1 0
300 0 1 400 0 100 100 0 0 430 0 1 0 0 100 100 1 0
300 0 -1 0 0 0 0 0 0 430 0 -1 0 0 0 0 1 0
300 0 0 0 0 0 0 0 0 430 0 0 0 0 0 0 1 0
300 0 1 0 0 0 0 0 0 430 0 1 0 0 0 0 1 0
300 0 -1 0 0 100 0 1 0 410 0 -1 1 0 100 0 0 0
300 0 0 0 0 100 0 1 0 410 0 0 1 0 100 0 0 0
300 0 1 0 0 100 0 1 0 410 0 1 1 0 100 0 0 0
300 0 -1 0 0 0 100 0 1 420 0 -1 0 1 0 100 1 0
300 0 0 0 0 0 100 0 1 420 0 0 0 1 0 100 1 0
300 0 1 0 0 0 100 0 1 420 0 1 0 1 0 100 1 0
300 0 -1 0 0 100 100 0 0 430 0 -1 0 0 100 100 1 0
300 0 0 0 0 100 100 0 0 430 0 0 0 0 100 100 1 0
300 0 1 0 0 100 100 0 0 430 0 1 0 0 100 100 1 0
300 1 -1 400 400 0 0 0 0 430 1 -1 0 0 0 0 1 0
300 1 0 400 400 0 0 0 0 430 1 0 0 0 0 0 1 0
300 1 1 400 400 0 0 0 0 430 1 1 0 0 0 0 1 0
300 1 -1 400 400 100 0 1 0 410 1 -1 1 0 100 0 0 0
300 1 0 400 400 100 0 1 0 410 1 0 1 0 100 0 0 0
300 1 1 400 400 100 0 1 0 410 1 1 1 0 100 0 0 0
300 1 -1 400 400 0 100 0 1 420 1 -1 0 1 0 100 1 0
300 1 0 400 400 0 100 0 1 420 1 0 0 1 0 100 1 0
300 1 1 400 400 0 100 0 1 420 1 1 0 1 0 100 1 0
300 1 -1 400 400 100 100 0 0 430 1 -1 0 0 100 100 1 0
300 1 0 400 400 100 100 0 0 430 1 0 0 0 100 100 1 0
300 1 1 400 400 100 100 0 0 430 1 1 0 0 100 100 1 0
300 1 -1 0 400 0 0 0 0 430 1 -1 0 0 0 0 1 0
300 1 0 0 400 0 0 0 0 430 1 0 0 0 0 1 1 0
300 1 1 0 400 0 0 0 0 430 1 1 0 0 0 0 1 0
300 1 -1 0 400 100 0 1 0 410 1 -1 1 0 100 0 0 0
300 1 0 0 400 100 0 1 0 410 1 0 1 0 100 1 0 0
300 1 1 0 400 100 0 1 0 410 1 1 1 0 100 0 0 0
300 1 -1 0 400 0 100 0 1 420 1 -1 0 1 0 100 1 0
300 1 0 0 400 0 100 0 1 420 1 0 0 1 0 101 1 0
300 1 1 0 400 0 100 0 1 420 1 1 0 1 0 100 1 0
300 1 -1 0 400 100 100 0 0 430 1 -1 0 0 100 100 1 0
300 1 0 0 400 100 100 0 0 420 1 0 0 0 100 101 1 0
300 1 1 0 400 100 100 0 0 430 1 1 0 0 100 100 1 0
300 1 -1 400 0 0 0 0 0 430 1 -1 0 0 0 0 1 0
300 1 0 400 0 0 0 0 0 430 1 0 0 0 0 0 1 0
300 1 1 400 0 0 0 0 0 430 1 1 0 0 0 0 1 0
300 1 -1 400 0 100 0 1 0 410 1 -1 1 0 100 0 0 0
300 1 0 400 0 100 0 1 0 410 1 0 1 0 100 0 0 0
300 1 1 400 0 100 0 1 0 410 1 1 1 0 100 0 0 0
300 1 -1 400 0 0 100 0 1 420 1 -1 0 1 0 100 1 0
300 1 0 400 0 0 100 0 1 420 1 0 0 1 0 100 1 0
300 1 1 400 0 0 100 0 1 420 1 1 0 1 0 100 1 0
300 1 -1 400 0 100 100 0 0 430 1 -1 0 0 100 100 1 0
300 1 0 400 0 100 100 0 0 430 1 0 0 0 100 100 1 0
300 1 1 400 0 100 100 0 0 430 1 1 0 0 100 100 1 0
300 1 -1 0 0 0 0 0 0 430 1 -1 0 0 0 0 1 0
300 1 0 0 0 0 0 0 0 430 1 0 0 0 0 0 1 0
300 1 1 0 0 0 0 0 0 430 1 1 0 0 0 0 1 0
300 1 -1 0 0 100 0 1 0 410 1 -1 1 0 100 0 0 0
300 1 0 0 0 100 0 1 0 410 1 0 1 0 100 0 0 0
300 1 1 0 0 100 0 1 0 410 1 1 1 0 100 0 0 0
300 1 -1 0 0 0 100 0 1 420 1 -1 0 1 0 100 1 0
300 1 0 0 0 0 100 0 1 420 1 0 0 1 0 100 1 0
300 1 1 0 0 0 100 0 1 420 1 1 0 1 0 100 1 0
300 1 -1 0 0 100 100 0 0 430 1 -1 0 0 100 100 1 0
300 1 0 0 0 100 100 0 0 430 1 0 0 0 100 100 1 0
300 1 1 0 0 100 100 0 0 430 1 1 0 0 100 100 1 0
410 0 -1 400 400 0 0 0 0 411 449 -1 1 0 0 0 0 1 28
410 0 0 400 400 0 0 0 0 411 449 0 1 0 0 0 0 1 28
410 0 1 400 400 0 0 0 0 411 449 1 1 0 0 0 0 1 28
410 0 -1 400 400 100 0 1 0 411 449 -1 2 0 100 0 0 1 28
410 0 0 400 400 100 0 1 0 411 449 0 2 0 100 0 0 1 28
410 0 1 400 400 100 0 1 0 411 449 1 2 0 100 0 0 1 28
410 0 -1 400 400 0 100 0 1 411 449 -1 1 1 0 100 0 1 28
410 0 0 400 400 0 100 0 1 411 449 0 1 1 0 100 0 1 28
410 0 1 400 400 0 100 0 1 411 449 1 1 1 0 100 0 1 28
410 0 -1 400 400 100 100 0 0 411 449 -1 1 0 100 100 0 1 28
410 0 0 400 400 100 100 0 0 411 449 0 1 0 100 100 0 1 28
410 0 1 400 400 100 100 0 0 411 449 1 1 0 100 100 0 1 28
410 0 -1 0 400 0 0 0 0 411 449 -1 1 0 0 0 0 1 28
410 0 0 0 400 0 0 0 0 411 449 0 1 0 0 0 0 1 28
410 0 1 0 400 0 0 0 0 411 449 1 1 0 0 0 0 1 28
410 0 -1 0 400 100 0 1 0 411 449 -1 2 0 100 0 0 1 28
410 0 0 0 400 100 0 1 0 411 449 0 2 0 100 0 0 1 28
410 0 1 0 400 100 0 1 0 411 449 1 2 0 100 0 0 1 28
410 0 -1 0 400 0 100 0 1 411 449 -1 1 1 0 100 0 1 28
410 0 0 0 400 0 100 0 1 411 449 0 1 1 0 100 0 1 28
410 0 1 0 400 0 100 0 1 411 449 1 1 1 0 100 0 1 28
410 0 -1 0 400 100 100 0 0 411 449 -1 1 0 100 100 0 1 28
410 0 0 0 400 100 100 0 0 411 449 0 1 0 100 100 0 1 28
410 0 1 0 400 100 100 0 0 411 449 1 1 0 100 100 0 1 28
410 0 -1 400 0 0 0 0 0 411 449 -1 1 0 0 0 0 1 28
410 0 0 400 0 0 0 0 0 411 449 0 1 0 0 0 0 1 28
410 0 1 400 0 0 0 0 0 411 449 1 1 0 0 0 0 1 28
410 0 -1 400 0 100 0 1 0 411 449 -1 2 0 100 0 0 1 28
410 0 0 400 0 100 0 1 0 411 449 0 2 0 100 0 0 1 28
410 0 1 400 0 100 0 1 0 411 449 1 2 0 100 0 0 1 28
410 0 -1 400 0 0 100 0 1 411 449 -1 1 1 0 100 0 1 28
410 0 0 400 0 0 100 0 1 411 449 0 1 1 0 100 0 1 28
410 0 1 400 0 0 100 0 1 411 449 1 1 1 0 100 0 1 28
410 0 -1 400 0 100 100 0 0 411 449 -1 1 0 100 100 0 1 28
410 0 0 400 0 100 100 0 0 411 449 0 1 0 100 100 0 1 28
410 0 1 400 0 100 100 0 0 411 449 1 1 0 100 100 0 1 28
410 0 -1 0 0 0 0 0 0 411 449 -1 1 0 0 0 0 1 28
410 0 0 0 0 0 0 0 0 411 449 0 1 0 0 0 0 1 28
410 0 1 0 0 0 0 0 0 411 449 1 1 0 0 0 0 1 28
410 0 -1 0 0 100 0 1 0 411 449 -1 2 0 100 0 0 1 28
410 0 0 0 0 100 0 1 0 411 449 0 2 0 100 0 0 1 28
410 0 1 0 0 100 0 1 0 411 449 1 2 0 100 0 0 1 28
410 0 -1 0 0 0 100 0 1 411 449 -1 1 1 0 100 0 1 28
410 0 0 0 0 0 100 0 1 411 449 0 1 1 0 100 0 1 28
410 0 1 0 0 0 100 0 1 411 449 1 1 1 0 100 0 1 28
410 0 -1 0 0 100 100 0 0 411 449 -1 1 0 100 100 0 1 28
410 0 0 0 0 100 100 0 0 411 449 0 1 0 100 100 0 1 28
410 0 1 0 0 100 100 0 0 411 449 1 1 0 100 100 0 1 28
410 1 -1 400 400 0 0 0 0 411 449 -1 1 0 0 0 0 1 28
410 1 0 400 400 0 0 0 0 411 449 0 1 0 0 0 0 1 28
410 1 1 400 400 0 0 0 0 411 449 1 1 0 0 0 0 1 28
410 1 -1 400 400 100 0 1 0 411 449 -1 2 0 100 0 0 1 28
410 1 0 400 400 100 0 1 0 411 449 0 2 0 100 0 0 1 28
410 1 1 400 400 100 0 1 0 411 449 1 2 0 100 0 0 1 28
410 1 -1 400 400 0 100 0 1 411 449 -1 1 1 0 100 0 1 28
410 1 0 400 400 0 100 0 1 411 449 0 1 1 0 100 0 1 28
410 1 1 400 400 0 100 0 1 411 449 1 1 1 0 100 0 1 28
410 1 -1 400 400 100 100 0 0 411 449 -1 1 0 100 100 0 1 28
410 1 0 400 400 100 100 0 0 411 449 0 1 0 100 100 0 1 28
410 1 1 400 400 100 100 0 0 411 449 1 1 0 100 100 0 1 28
410 1 -1 0 400 0 0 0 0 411 449 -1 1 0 0 0 0 1 28
410 1 0 0 400 0 0 0 0 411 449 0 1 0 0 0 0 1 28
410 1 1 0 400 0 0 0 0 411 449 1 1 0 0 0 0 1 28
410 1 -1 0 400 100 0 1 0 411 449 -1 2 0 100 0 0 1 28
410 1 0 0 400 100 0 1 0 411 449 0 2 0 100 0 0 1 28
410 1 1 0 400 100 0 1 0 411 449 1 2 0 100 0 0 1 28
410 1 -1 0 400 0 100 0 1 411 449 -1 1 1 0 100 0 1 28
410 1 0 0 400 0 100 0 1 411 449 0 1 1 0 100 0 1 28
410 1 1 0 400 0 100 0 1 411 449 1 1 1 0 100 0 1 28
410 1 -1 0 400 100 100 0 0 411 449 -1 1 0 100 100 0 1 28
410 1 0 0 400 100 100 0 0 411 449 0 1 0 100 100 0 1 28
410 1 1 0 400 100 100 0 0 411 449 1 1 0 100 100 0 1 28
410 1 -1 400 0 0 0 0 0 411 449 -1 1 0 0 0 0 1 28
410 1 0 400 0 0 0 0 0 411 449 0 1 0 0 0 0 1 28
410 1 1 400 0 0 0 0 0 411 449 1 1 0 0 0 0 1 28
410 1 -1 400 0 100 0 1 0 411 449 -1 2 0 100 0 0 1 28
410 1 0 400 0 100 0 1 0 411 449 0 2 0 100 0 0 1 28
410 1 1 400 0 100 0 1 0 411 449 1 2 0 100 0 0 1 28
410 1 -1 400 0 0 100 0 1 411 449 -1 1 1 0 100 0 1 28
410 1 0 400 0 0 100 0 1 411 449 0 1 1 0 100 0 1 28
410 1 1 400 0 0 100 0 1 411 449 1 1 1 0 100 0 1 28
410 1 -1 400 0 100 100 0 0 411 449 -1 1 0 100 100 0 1 28
410 1 0 400 0 100 100 0 0 411 449 0 1 0 100 100 0 1 28
410 1 1 400 0 100 100 0 0 411 449 1 1 0 100 100 0 1 28
410 1 -1 0 0 0 0 0 0 411 449 -1 1 0 0 0 0 1 28
410 1 0 0 0 0 0 0 0 411 449 0 1 0 0 0 0 1 28
410 1 1 0 0 0 0 0 0 411 449 1 1 0 0 0 0 1 28
410 1 -1 0 0 100 0 1 0 411 449 -1 2 0 100 0 0 1 28
410 1 0 0 0 100 0 1 0 411 449 0 2 0 100 0 0 1 28
410 1 1 0 0 100 0 1 0 411 449 1 2 0 100 0 0 1 28
410 1 -1 0 0 0 100 0 1 411 449 -1 1 1 0 100 0 1 28
410 1 0 0 0 0 100 0 1 411 449 0 1 1 0 100 0 1 28
410 1 1 0 0 0 100 0 1 411 449 1 1 1 0 100 0 1 28
410 1 -1 0 0 100 100 0 0 411 449 -1 1 0 100 100 0 1 28
410 1 0 0 0 100 100 0 0 411 449 0 1 0 100 100 0 1 28
410 1 1 0 0 100 100 0 0 411 449 1 1 0 100 100 0 1 28
411 0 -1 400 400 0 0 0 0 900 -1 -1 0 0 0 0 0 0
411 0 0 400 400 0 0 0 0 900 -1 0 0 0 0 0 0 0
411 0 1 400 400 0 0 0 0 900 -1 1 0 0 0 0 0 0
411 0 -1 400 400 100 0 1 0 900 -1 -1 1 0 100 0 0 0
411 0 0 400 400 100 0 1 0 900 -1 0 1 0 100 0 0 0
411 0 1 400 400 100 0 1 0 900 -1 1 1 0 100 0 0 0
411 0 -1 400 400 0 100 0 1 900 -1 -1 0 1 0 100 0 0
411 0 0 400 400 0 100 0 1 900 -1 0 0 1 0 100 0 0
411 0 1 400 400 0 100 0 1 900 -1 1 0 1 0 100 0 0
411 0 -1 400 400 100 100 0 0 900 -1 -1 0 0 100 100 0 0
411 0 0 400 400 100 100 0 0 900 -1 0 0 0 100 100 0 0
411 0 1 400 400 100 100 0 0 900 -1 1 0 0 100 100 0 0
411 0 -1 0 400 0 0 0 0 900 -1 -1 0 0 0 0 0 0
411 0 0 0 400 0 0 0 0 900 -1 0 0 0 0 0 0 0
411 0 1 0 400 0 0 0 0 900 -1 1 0 0 0 0 0 0
411 0 -1 0 400 100 0 1 0 900 -1 -1 1 0 100 0 0 0
411 0 0 0 400 100 0 1 0 900 -1 0 1 0 100 0 0 0
411 0 1 0 400 100 0 1 0 900 -1 1 1 0 100 0 0 0
411 0 -1 0 400 0 100 0 1 900 -1 -1 0 1 0 100 0 0
411 0 0 0 400 0 100 0 1 900 -1 0 0 1 0 100 0 0
411 0 1 0 400 0 100 0 1 900 -1 1 0 1 0 100 0 0
411 0 -1 0 400 100 100 0 0 900 -1 -1 0 0 100 100 0 0
411 0 0 0 400 100 100 0 0 900 -1 0 0 0 100 100 0 0
411 0 1 0 400 100 100 0 0 900 -1 1 0 0 100 100 0 0
411 0 -1 400 0 0 0 0 0 900 -1 -1 0 0 0 0 0 0
411 0 0 400 0 0 0 0 0 900 -1 0 0 0 0 0 0 0
411 0 1 400 0 0 0 0 0 900 -1 1 0 0 0 0 0 0
411 0 -1 400 0 100 0 1 0 900 -1 -1 1 0 100 0 0 0
411 0 0 400 0 100 0 1 0 900 -1 0 1 0 100 0 0 0
411 0 1 400 0 100 0 1 0 900 -1 1 1 0 100 0 0 0
411 0 -1 400 0 0 100 0 1 900 -1 -1 0 1 0 100 0 0
411 0 0 400 0 0 100 0 1 900 -1 0 0 1 0 100 0 0
411 0 1 400 0 0 100 0 1 900 -1 1 0 1 0 100 0 0
411 0 -1 400 0 100 100 0 0 900 -1 -1 0 0 100 100 0 0
411 0 0 400 0 100 100 0 0 900 -1 0 0 0 100 100 0 0
411 0 1 400 0 100 100 0 0 900 -1 1 0 0 100 100 0 0
411 0 -1 0 0 0 0 0 0 900 -1 -1 0 0 0 0 0 0
411 0 0 0 0 0 0 0 0 900 -1 0 0 0 0 0 0 0
411 0 1 0 0 0 0 0 0 900 -1 1 0 0 0 0 0 0
411 0 -1 0 0 100 0 1 0 900 -1 -1 1 0 100 0 0 0
411 0 0 0 0 100 0 1 0 900 -1 0 1 0 100 0 0 0
411 0 1 0 0 100 0 1 0 900 -1 1 1 0 100 0 0 0
411 0 -1 0 0 0 100 0 1 900 -1 -1 0 1 0 100 0 0
411 0 0 0 0 0 100 0 1 900 -1 0 0 1 0 100 0 0
411 0 1 0 0 0 100 0 1 900 -1 1 0 1 0 100 0 0
411 0 -1 0 0 100 100 0 0 900 -1 -1 0 0 100 100 0 0
411 0 0 0 0 100 100 0 0 900 -1 0 0 0 100 100 0 0
411 0 1 0 0 100 100 0 0 900 -1 1 0 0 100 100 0 0
411 1 -1 400 400 0 0 0 0 411 0 -1 0 0 0 0 0 0
411 1 0 400 400 0 0 0 0 411 0 0 0 0 0 0 0 0
411 1 1 400 400 0 0 0 0 411 0 1 0 0 0 0 0 0
411 1 -1 400 400 100 0 1 0 411 0 -1 1 0 100 0 0 0
411 1 0 400 400 100 0 1 0 411 0 0 1 0 100 0 0 0
411 1 1 400 400 100 0 1 0 411 0 1 1 0 100 0 0 0
411 1 -1 400 400 0 100 0 1 411 0 -1 0 1 0 100 0 0
411 1 0 400 400 0 100 0 1 411 0 0 0 1 0 100 0 0
411 1 1 400 400 0 100 0 1 411 0 1 0 1 0 100 0 0
411 1 -1 400 400 100 100 0 0 411 0 -1 0 0 100 100 0 0
411 1 0 400 400 100 100 0 0 411 0 0 0 0 100 100 0 0
411 1 1 400 400 100 100 0 0 411 0 1 0 0 100 100 0 0
411 1 -1 0 400 0 0 0 0 411 0 -1 0 0 0 0 0 0
411 1 0 0 400 0 0 0 0 411 0 0 0 0 0 0 0 0
411 1 1 0 400 0 0 0 0 411 0 1 0 0 0 0 0 0
411 1 -1 0 400 100 0 1 0 411 0 -1 1 0 100 0 0 0
411 1 0 0 400 100 0 1 0 411 0 0 1 0 100 0 0 0
411 1 1 0 400 100 0 1 0 411 0 1 1 0 100 0 0 0
411 1 -1 0 400 0 100 0 1 411 0 -1 0 1 0 100 0 0
411 1 0 0 400 0 100 0 1 411 0 0 0 1 0 100 0 0
411 1 1 0 400 0 100 0 1 411 0 1 0 1 0 100 0 0
411 1 -1 0 400 100 100 0 0 411 0 -1 0 0 100 100 0 0
411 1 0 0 400 100 100 0 0 411 0 0 0 0 100 100 0 0
411 1 1 0 400 100 100 0 0 411 0 1 0 0 100 100 0 0
411 1 -1 400 0 0 0 0 0 411 0 -1 0 0 0 0 0 0
411 1 0 400 0 0 0 0 0 411 0 0 0 0 0 0 0 0
411 1 1 400 0 0 0 0 0 411 0 1 0 0 0 0 0 0
411 1 -1 400 0 100 0 1 0 411 0 -1 1 0 100 0 0 0
411 1 0 400 0 100 0 1 0 411 0 0 1 0 100 0 0 0
411 1 1 400 0 100 0 1 0 411 0 1 1 0 100 0 0 0
411 1 -1 400 0 0 100 0 1 411 0 -1 0 1 0 100 0 0
411 1 0 400 0 0 100 0 1 411 0 0 0 1 0 100 0 0
411 1 1 400 0 0 100 0 1 411 0 1 0 1 0 100 0 0
411 1 -1 400 0 100 100 0 0 411 0 -1 0 0 100 100 0 0
411 1 0 400 0 100 100 0 0 411 0 0 0 0 100 100 0 0
411 1 1 400 0 100 100 0 0 411 0 1 0 0 100 100 0 0
411 1 -1 0 0 0 0 0 0 411 0 -1 0 0 0 0 0 0
411 1 0 0 0 0 0 0 0 411 0 0 0 0 0 0 0 0
411 1 1 0 0 0 0 0 0 411 0 1 0 0 0 0 0 0
411 1 -1 0 0 100 0 1 0 411 0 -1 1 0 100 0 0 0
411 1 0 0 0 100 0 1 0 411 0 0 1 0 100 0 0 0
411 1 1 0 0 100 0 1 0 411 0 1 1 0 100 0 0 0
411 1 -1 0 0 0 100 0 1 411 0 -1 0 1 0 100 0 0
411 1 0 0 0 0 100 0 1 411 0 0 0 1 0 100 0 0
411 1 1 0 0 0 100 0 1 411 0 1 0 1 0 100 0 0
411 1 -1 0 0 100 100 0 0 411 0 -1 0 0 100 100 0 0
411 1 0 0 0 100 100 0 0 411 0 0 0 0 100 100 0 0
411 1 1 0 0 100 100 0 0 411 0 1 0 0 100 100 0 0
420 0 -1 400 400 0 0 0 0 421 449 -1 0 1 0 0 0 1 29
420 0 0 400 400 0 0 0 0 421 449 0 0 1 0 0 0 1 29
420 0 1 400 400 0 0 0 0 421 449 1 0 1 0 0 0 1 29
420 0 -1 400 400 100 0 1 0 421 449 -1 1 1 100 0 0 1 29
420 0 0 400 400 100 0 1 0 421 449 0 1 1 100 0 0 1 29
420 0 1 400 400 100 0 1 0 421 449 1 1 1 100 0 0 1 29
420 0 -1 400 400 0 100 0 1 421 449 -1 0 2 0 100 0 1 29
420 0 0 400 400 0 100 0 1 421 449 0 0 2 0 100 0 1 29
420 0 1 400 400 0 100 0 1 421 449 1 0 2 0 100 0 1 29
420 0 -1 400 400 100 100 0 0 421 449 -1 0 1 100 100 0 1 29
420 0 0 400 400 100 100 0 0 421 449 0 0 1 100 100 0 1 29
420 0 1 400 400 100 100 0 0 421 449 1 0 1 100 100 0 1 29
420 0 -1 0 400 0 0 0 0 421 449 -1 0 1 0 0 0 1 29
420 0 0 0 400 0 0 0 0 421 449 0 0 1 0 0 0 1 29
420 0 1 0 400 0 0 0 0 421 449 1 0 1 0 0 0 1 29
420 0 -1 0 400 100 0 1 0 421 449 -1 1 1 100 0 0 1 29
420 0 0 0 400 100 0 1 0 421 449 0 1 1 100 0 0 1 29
420 0 1 0 400 100 0 1 0 421 449 1 1 1 100 0 0 1 29
420 0 -1 0 400 0 100 0 1 421 449 -1 0 2 0 100 0 1 29
420 0 0 0 400 0 100 0 1 421 449 0 0 2 0 100 0 1 29
420 0 1 0 400 0 100 0 1 421 449 1 0 2 0 100 0 1 29
420 0 -1 0 400 100 100 0 0 421 449 -1 0 1 100 100 0 1 29
420 0 0 0 400 100 100 0 0 421 449 0 0 1 100 100 0 1 29
420 0 1 0 400 100 100 0 0 421 449 1 0 1 100 100 0 1 29
420 0 -1 400 0 0 0 0 0 421 449 -1 0 1 0 0 0 1 29
420 0 0 400 0 0 0 0 0 421 449 0 0 1 0 0 0 1 29
420 0 1 400 0 0 0 0 0 421 449 1 0 1 0 0 0 1 29
420 0 -1 400 0 100 0 1 0 421 449 -1 1 1 100 0 0 1 29
420 0 0 400 0 100 0 1 0 421 449 0 1 1 100 0 0 1 29
420 0 1 400 0 100 0 1 0 421 449 1 1 1 100 0 0 1 29
420 0 -1 400 0 0 100 0 1 421 449 -1 0 2 0 100 0 1 29
420 0 0 400 0 0 100 0 1 421 449 0 0 2 0 100 0 1 29
420 0 1 400 0 0 100 0 1 421 449 1 0 2 0 100 0 1 29
420 0 -1 400 0 100 100 0 0 421 449 -1 0 1 100 100 0 1 29
420 0 0 400 0 100 100 0 0 421 449 0 0 1 100 100 0 1 29
420 0 1 400 0 100 100 0 0 421 449 1 0 1 100 100 0 1 29
420 0 -1 0 0 0 0 0 0 421 449 -1 0 1 0 0 0 1 29
420 0 0 0 0 0 0 0 0 421 449 0 0 1 0 0 0 1 29
420 0 1 0 0 0 0 0 0 421 449 1 0 1 0 0 0 1 29
420 0 -1 0 0 100 0 1 0 421 449 -1 1 1 100 0 0 1 29
420 0 0 0 0 100 0 1 0 421 449 0 1 1 100 0 0 1 29
420 0 1 0 0 100 0 1 0 421 449 1 1 1 100 0 0 1 29
420 0 -1 0 0 0 100 0 1 421 449 -1 0 2 0 100 0 1 29
420 0 0 0 0 0 100 0 1 421 449 0 0 2 0 100 0 1 29
420 0 1 0 0 0 100 0 1 421 449 1 0 2 0 100 0 1 29
420 0 -1 0 0 100 100 0 0 421 449 -1 0 1 100 100 0 1 29
420 0 0 0 0 100 100 0 0 421 449 0 0 1 100 100 0 1 29
420 0 1 0 0 100 100 0 0 421 449 1 0 1 100 100 0 1 29
420 1 -1 400 400 0 0 0 0 421 449 -1 0 1 0 0 0 1 29
420 1 0 400 400 0 0 0 0 421 449 0 0 1 0 0 0 1 29
420 1 1 400 400 0 0 0 0 421 449 1 0 1 0 0 0 1 29
420 1 -1 400 400 100 0 1 0 421 449 -1 1 1 100 0 0 1 29
420 1 0 400 400 100 0 1 0 421 449 0 1 1 100 0 0 1 29
420 1 1 400 400 100 0 1 0 421 449 1 1 1 100 0 0 1 29
420 1 -1 400 400 0 100 0 1 421 449 -1 0 2 0 100 0 1 29
420 1 0 400 400 0 100 0 1 421 449 0 0 2 0 100 0 1 29
420 1 1 400 400 0 100 0 1 421 449 1 0 2 0 100 0 1 29
420 1 -1 400 400 100 100 0 0 421 449 -1 0 1 100 100 0 1 29
420 1 0 400 400 100 100 0 0 421 449 0 0 1 100 100 0 1 29
420 1 1 400 400 100 100 0 0 421 449 1 0 1 100 100 0 1 29
420 1 -1 0 400 0 0 0 0 421 449 -1 0 1 0 0 0 1 29
420 1 0 0 400 0 0 0 0 421 449 0 0 1 0 0 0 1 29
420 1 1 0 400 0 0 0 0 421 449 1 0 1 0 0 0 1 29
420 1 -1 0 400 100 0 1 0 421 449 -1 1 1 100 0 0 1 29
420 1 0 0 400 100 0 1 0 421 449 0 1 1 100 0 0 1 29
420 1 1 0 400 100 0 1 0 421 449 1 1 1 100 0 0 1 29
420 1 -1 0 400 0 100 0 1 421 449 -1 0 2 0 100 0 1 29
420 1 0 0 400 0 100 0 1 421 449 0 0 2 0 100 0 1 29
420 1 1 0 400 0 100 0 1 421 449 1 0 2 0 100 0 1 29
420 1 -1 0 400 100 100 0 0 421 449 -1 0 1 100 100 0 1 29
420 1 0 0 400 100 100 0 0 421 449 0 0 1 100 100 0 1 29
420 1 1 0 400 100 100 0 0 421 449 1 0 1 100 100 0 1 29
420 1 -1 400 0 0 0 0 0 421 449 -1 0 1 0 0 0 1 29
420 1 0 400 0 0 0 0 0 421 449 0 0 1 0 0 0 1 29
420 1 1 400 0 0 0 0 0 421 449 1 0 1 0 0 0 1 29
420 1 -1 400 0 100 0 1 0 421 449 -1 1 1 100 0 0 1 29
420 1 0 400 0 100 0 1 0 421 449 0 1 1 100 0 0 1 29
420 1 1 400 0 100 0 1 0 421 449 1 1 1 100 0 0 1 29
420 1 -1 400 0 0 100 0 1 421 449 -1 0 2 0 100 0 1 29
420 1 0 400 0 0 100 0 1 421 449 0 0 2 0 100 0 1 29
420 1 1 400 0 0 100 0 1 421 449 1 0 2 0 100 0 1 29
420 1 -1 400 0 100 100 0 0 421 449 -1 0 1 100 100 0 1 29
420 1 0 400 0 100 100 0 0 421 449 0 0 1 100 100 0 1 29
420 1 1 400 0 100 100 0 0 421 449 1 0 1 100 100 0 1 29
420 1 -1 0 0 0 0 0 0 421 449 -1 0 1 0 0 0 1 29
420 1 0 0 0 0 0 0 0 421 449 0 0 1 0 0 0 1 29
420 1 1 0 0 0 0 0 0 421 449 1 0 1 0 0 0 1 29
420 1 -1 0 0 100 0 1 0 421 449 -1 1 1 100 0 0 1 29
420 1 0 0 0 100 0 1 0 421 449 0 1 1 100 0 0 1 29
420 1 1 0 0 100 0 1 0 421 449 1 1 1 100 0 0 1 29
420 1 -1 0 0 0 100 0 1 421 449 -1 0 2 0 100 0 1 29
420 1 0 0 0 0 100 0 1 421 449 0 0 2 0 100 0 1 29
420 1 1 0 0 0 100 0 1 421 449 1 0 2 0 100 0 1 29
420 1 -1 0 0 100 100 0 0 421 449 -1 0 1 100 100 0 1 29
420 1 0 0 0 100 100 0 0 421 449 0 0 1 100 100 0 1 29
420 1 1 0 0 100 100 0 0 421 449 1 0 1 100 100 0 1 29
421 0 -1 400 400 0 0 0 0 900 -1 -1 0 0 0 0 0 0
421 0 0 400 400 0 0 0 0 900 -1 0 0 0 0 0 0 0
421 0 1 400 400 0 0 0 0 900 -1 1 0 0 0 0 0 0
421 0 -1 400 400 100 0 1 0 900 -1 -1 1 0 100 0 0 0
421 0 0 400 400 100 0 1 0 900 -1 0 1 0 100 0 0 0
421 0 1 400 400 100 0 1 0 900 -1 1 1 0 100 0 0 0
421 0 -1 400 400 0 100 0 1 900 -1 -1 0 1 0 100 0 0
421 0 0 400 400 0 100 0 1 900 -1 0 0 1 0 100 0 0
421 0 1 400 400 0 100 0 1 900 -1 1 0 1 0 100 0 0
421 0 -1 400 400 100 100 0 0 900 -1 -1 0 0 100 100 0 0
421 0 0 400 400 100 100 0 0 900 -1 0 0 0 100 100 0 0
421 0 1 400 400 100 100 0 0 900 -1 1 0 0 100 100 0 0
421 0 -1 0 400 0 0 0 0 900 -1 -1 0 0 0 0 0 0
421 0 0 0 400 0 0 0 0 900 -1 0 0 0 0 0 0 0
421 0 1 0 400 0 0 0 0 900 -1 1 0 0 0 0 0 0
421 0 -1 0 400 100 0 1 0 900 -1 -1 1 0 100 0 0 0
421 0 0 0 400 100 0 1 0 900 -1 0 1 0 100 0 0 0
421 0 1 0 400 100 0 1 0 900 -1 1 1 0 100 0 0 0
421 0 -1 0 400 0 100 0 1 900 -1 -1 0 1 0 100 0 0
421 0 0 0 400 0 100 0 1 900 -1 0 0 1 0 100 0 0
421 0 1 0 400 0 100 0 1 900 -1 1 0 1 0 100 0 0
421 0 -1 0 400 100 100 0 0 900 -1 -1 0 0 100 100 0 0
421 0 0 0 400 100 100 0 0 900 -1 0 0 0 100 100 0 0
421 0 1 0 400 100 100 0 0 900 -1 1 0 0 100 100 0 0
421 0 -1 400 0 0 0 0 0 900 -1 -1 0 0 0 0 0 0
421 0 0 400 0 0 0 0 0 900 -1 0 0 0 0 0 0 0
421 0 1 400 0 0 0 0 0 900 -1 1 0 0 0 0 0 0
421 0 -1 400 0 100 0 1 0 900 -1 -1 1 0 100 0 0 0
421 0 0 400 0 100 0 1 0 900 -1 0 1 0 100 0 0 0
421 0 1 400 0 100 0 1 0 900 -1 1 1 0 100 0 0 0
421 0 -1 400 0 0 100 0 1 900 -1 -1 0 1 0 100 0 0
421 0 0 400 0 0 100 0 1 900 -1 0 0 1 0 100 0 0
421 0 1 400 0 0 100 0 1 900 -1 1 0 1 0 100 0 0
421 0 -1 400 0 100 100 0 0 900 -1 -1 0 0 100 100 0 0
421 0 0 400 0 100 100 0 0 900 -1 0 0 0 100 100 0 0
421 0 1 400 0 100 100 0 0 900 -1 1 0 0 100 100 0 0
421 0 -1 0 0 0 0 0 0 900 -1 -1 0 0 0 0 0 0
421 0 0 0 0 0 0 0 0 900 -1 0 0 0 0 0 0 0
421 0 1 0 0 0 0 0 0 900 -1 1 0 0 0 0 0 0
421 0 -1 0 0 100 0 1 0 900 -1 -1 1 0 100 0 0 0
421 0 0 0 0 100 0 1 0 900 -1 0 1 0 100 0 0 0
421 0 1 0 0 100 0 1 0 900 -1 1 1 0 100 0 0 0
421 0 -1 0 0 0 100 0 1 900 -1 -1 0 1 0 100 0 0
421 0 0 0 0 0 100 0 1 900 -1 0 0 1 0 100 0 0
421 0 1 0 0 0 100 0 1 900 -1 1 0 1 0 100 0 0
421 0 -1 0 0 100 100 0 0 900 -1 -1 0 0 100 100 0 0
421 0 0 0 0 100 100 0 0 900 -1 0 0 0 100 100 0 0
421 0 1 0 0 100 100 0 0 900 -1 1 0 0 100 100 0 0
421 1 -1 400 400 0 0 0 0 421 0 -1 0 0 0 0 0 0
421 1 0 400 400 0 0 0 0 421 0 0 0 0 0 0 0 0
421 1 1 400 400 0 0 0 0 421 0 1 0 0 0 0 0 0
421 1 -1 400 400 100 0 1 0 421 0 -1 1 0 100 0 0 0
421 1 0 400 400 100 0 1 0 421 0 0 1 0 100 0 0 0
421 1 1 400 400 100 0 1 0 421 0 1 1 0 100 0 0 0
421 1 -1 400 400 0 100 0 1 421 0 -1 0 1 0 100 0 0
421 1 0 400 400 0 100 0 1 421 0 0 0 1 0 100 0 0
421 1 1 400 400 0 100 0 1 421 0 1 0 1 0 100 0 0
421 1 -1 400 400 100 100 0 0 421 0 -1 0 0 100 100 0 0
421 1 0 400 400 100 100 0 0 421 0 0 0 0 100 100 0 0
421 1 1 400 400 100 100 0 0 421 0 1 0 0 100 100 0 0
421 1 -1 0 400 0 0 0 0 421 0 -1 0 0 0 0 0 0
421 1 0 0 400 0 0 0 0 421 0 0 0 0 0 0 0 0
421 1 1 0 400 0 0 0 0 421 0 1 0 0 0 0 0 0
421 1 -1 0 400 100 0 1 0 421 0 -1 1 0 100 0 0 0
421 1 0 0 400 100 0 1 0 421 0 0 1 0 100 0 0 0
421 1 1 0 400 100 0 1 0 421 0 1 1 0 100 0 0 0
421 1 -1 0 400 0 100 0 1 421 0 -1 0 1 0 100 0 0
421 1 0 0 400 0 100 0 1 421 0 0 0 1 0 100 0 0
421 1 1 0 400 0 100 0 1 421 0 1 0 1 0 100 0 0
421 1 -1 0 400 100 100 0 0 421 0 -1 0 0 100 100 0 0
421 1 0 0 400 100 100 0 0 421 0 0 0 0 100 100 0 0
421 1 1 0 400 100 100 0 0 421 0 1 0 0 100 100 0 0
421 1 -1 400 0 0 0 0 0 421 0 -1 0 0 0 0 0 0
421 1 0 400 0 0 0 0 0 421 0 0 0 0 0 0 0 0
421 1 1 400 0 0 0 0 0 421 0 1 0 0 0 0 0 0
421 1 -1 400 0 100 0 1 0 421 0 -1 1 0 100 0 0 0
421 1 0 400 0 100 0 1 0 421 0 0 1 0 100 0 0 0
421 1 1 400 0 100 0 1 0 421 0 1 1 0 100 0 0 0
421 1 -1 400 0 0 100 0 1 421 0 -1 0 1 0 100 0 0
421 1 0 400 0 0 100 0 1 421 0 0 0 1 0 100 0 0
421 1 1 400 0 0 100 0 1 421 0 1 0 1 0 100 0 0
421 1 -1 400 0 100 100 0 0 421 0 -1 0 0 100 100 0 0
421 1 0 400 0 100 100 0 0 421 0 0 0 0 100 100 0 0
421 1 1 400 0 100 100 0 0 421 0 1 0 0 100 100 0 0
421 1 -1 0 0 0 0 0 0 421 0 -1 0 0 0 0 0 0
421 1 0 0 0 0 0 0 0 421 0 0 0 0 0 0 0 0
421 1 1 0 0 0 0 0 0 421 0 1 0 0 0 0 0 0
421 1 -1 0 0 100 0 1 0 421 0 -1 1 0 100 0 0 0
421 1 0 0 0 100 0 1 0 421 0 0 1 0 100 0 0 0
421 1 1 0 0 100 0 1 0 421 0 1 1 0 100 0 0 0
421 1 -1 0 0 0 100 0 1 421 0 -1 0 1 0 100 0 0
421 1 0 0 0 0 100 0 1 421 0 0 0 1 0 100 0 0
421 1 1 0 0 0 100 0 1 421 0 1 0 1 0 100 0 0
421 1 -1 0 0 100 100 0 0 421 0 -1 0 0 100 100 0 0
421 1 0 0 0 100 100 0 0 421 0 0 0 0 100 100 0 0
421 1 1 0 0 100 100 0 0 421 0 1 0 0 100 100 0 0
430 0 -1 400 400 0 0 0 0 431 99 -1 1 1 0 0 0 1 32
430 0 0 400 400 0 0 0 0 431 99 0 1 1 0 0 0 1 32
430 0 1 400 400 0 0 0 0 431 99 1 1 1 0 0 0 1 32
430 0 -1 400 400 100 0 1 0 431 99 -1 2 1 100 0 0 1 32
430 0 0 400 400 100 0 1 0 431 99 0 2 1 100 0 0 1 32
430 0 1 400 400 100 0 1 0 431 99 1 2 1 100 0 0 1 32
430 0 -1 400 400 0 100 0 1 431 99 -1 1 2 0 100 0 1 32
430 0 0 400 400 0 100 0 1 431 99 0 1 2 0 100 0 1 32
430 0 1 400 400 0 100 0 1 431 99 1 1 2 0 100 0 1 32
430 0 -1 400 400 100 100 0 0 431 99 -1 1 1 100 100 0 1 32
430 0 0 400 400 100 100 0 0 431 99 0 1 1 100 100 0 1 32
430 0 1 400 400 100 100 0 0 431 99 1 1 1 100 100 0 1 32
430 0 -1 0 400 0 0 0 0 431 99 -1 1 1 0 0 0 1 32
430 0 0 0 400 0 0 0 0 431 99 0 1 1 0 0 0 1 32
430 0 1 0 400 0 0 0 0 431 99 1 1 1 0 0 0 1 32
430 0 -1 0 400 100 0 1 0 431 99 -1 2 1 100 0 0 1 32
430 0 0 0 400 100 0 1 0 431 99 0 2 1 100 0 0 1 32
430 0 1 0 400 100 0 1 0 431 99 1 2 1 100 0 0 1 32
430 0 -1 0 400 0 100 0 1 431 99 -1 1 2 0 100 0 1 32
430 0 0 0 400 0 100 0 1 431 99 0 1 2 0 100 0 1 32
430 0 1 0 400 0 100 0 1 431 99 1 1 2 0 100 0 1 32
430 0 -1 0 400 100 100 0 0 431 99 -1 1 1 100 100 0 1 32
430 0 0 0 400 100 100 0 0 431 99 0 1 1 100 100 0 1 32
430 0 1 0 400 100 100 0 0 431 99 1 1 1 100 100 0 1 32
430 0 -1 400 0 0 0 0 0 431 99 -1 1 1 0 0 0 1 32
430 0 0 400 0 0 0 0 0 431 99 0 1 1 0 0 0 1 32
430 0 1 400 0 0 0 0 0 431 99 1 1 1 0 0 0 1 32
430 0 -1 400 0 100 0 1 0 431 99 -1 2 1 100 0 0 1 32
430 0 0 400 0 100 0 1 0 431 99 0 2 1 100 0 0 1 32
430 0 1 400 0 100 0 1 0 431 99 1 2 1 100 0 0 1 32
430 0 -1 400 0 0 100 0 1 431 99 -1 1 2 0 100 0 1 32
430 0 0 400 0 0 100 0 1 431 99 0 1 2 0 100 0 1 32
430 0 1 400 0 0 100 0 1 431 99 1 1 2 0 100 0 1 32
430 0 -1 400 0 100 100 0 0 431 99 -1 1 1 100 100 0 1 32
430 0 0 400 0 100 100 0 0 431 99 0 1 1 100 100 0 1 32
430 0 1 400 0 100 100 0 0 431 99 1 1 1 100 100 0 1 32
430 0 -1 0 0 0 0 0 0 431 99 -1 1 1 0 0 0 1 32
430 0 0 0 0 0 0 0 0 431 99 0 1 1 0 0 0 1 32
430 0 1 0 0 0 0 0 0 431 99 1 1 1 0 0 0 1 32
430 0 -1 0 0 100 0 1 0 431 99 -1 2 1 100 0 0 1 32
430 0 0 0 0 100 0 1 0 431 99 0 2 1 100 0 0 1 32
430 0 1 0 0 100 0 1 0 431 99 1 2 1 100 0 0 1 32
430 0 -1 0 0 0 100 0 1 431 99 -1 1 2 0 100 0 1 32
430 0 0 0 0 0 100 0 1 431 99 0 1 2 0 100 0 1 32
430 0 1 0 0 0 100 0 1 431 99 1 1 2 0 100 0 1 32
430 0 -1 0 0 100 100 0 0 431 99 -1 1 1 100 100 0 1 32
430 0 0 0 0 100 100 0 0 431 99 0 1 1 100 100 0 1 32
430 0 1 0 0 100 100 0 0 431 99 1 1 1 100 100 0 1 32
430 1 -1 400 400 0 0 0 0 431 99 -1 1 1 0 0 0 1 32
430 1 0 400 400 0 0 0 0 431 99 0 1 1 0 0 0 1 32
430 1 1 400 400 0 0 0 0 431 99 1 1 1 0 0 0 1 32
430 1 -1 400 400 100 0 1 0 431 99 -1 2 1 100 0 0 1 32
430 1 0 400 400 100 0 1 0 431 99 0 2 1 100 0 0 1 32
430 1 1 400 400 100 0 1 0 431 99 1 2 1 100 0 0 1 32
430 1 -1 400 400 0 100 0 1 431 99 -1 1 2 0 100 0 1 32
430 1 0 400 400 0 100 0 1 431 99 0 1 2 0 100 0 1 32
430 1 1 400 400 0 100 0 1 431 99 1 1 2 0 100 0 1 32
430 1 -1 400 400 100 100 0 0 431 99 -1 1 1 100 100 0 1 32
430 1 0 400 400 100 100 0 0 431 99 0 1 1 100 100 0 1 32
430 1 1 400 400 100 100 0 0 431 99 1 1 1 100 100 0 1 32
430 1 -1 0 400 0 0 0 0 431 99 -1 1 1 0 0 0 1 32
430 1 0 0 400 0 0 0 0 431 99 0 1 1 0 0 0 1 32
430 1 1 0 400 0 0 0 0 431 99 1 1 1 0 0 0 1 32
430 1 -1 0 400 100 0 1 0 431 99 -1 2 1 100 0 0 1 32
430 1 0 0 400 100 0 1 0 431 99 0 2 1 100 0 0 1 32
430 1 1 0 400 100 0 1 0 431 99 1 2 1 100 0 0 1 32
430 1 -1 0 400 0 100 0 1 431 99 -1 1 2 0 100 0 1 32
430 1 0 0 400 0 100 0 1 431 99 0 1 2 0 100 0 1 32
430 1 1 0 400 0 100 0 1 431 99 1 1 2 0 100 0 1 32
430 1 -1 0 400 100 100 0 0 431 99 -1 1 1 100 100 0 1 32
430 1 0 0 400 100 100 0 0 431 99 0 1 1 100 100 0 1 32
430 1 1 0 400 100 100 0 0 431 99 1 1 1 100 100 0 1 32
430 1 -1 400 0 0 0 0 0 431 99 -1 1 1 0 0 0 1 32
430 1 0 400 0 0 0 0 0 431 99 0 1 1 0 0 0 1 32
430 1 1 400 0 0 0 0 0 431 99 1 1 1 0 0 0 1 32
430 1 -1 400 0 100 0 1 0 431 99 -1 2 1 100 0 0 1 32
430 1 0 400 0 100 0 1 0 431 99 0 2 1 100 0 0 1 32
430 1 1 400 0 100 0 1 0 431 99 1 2 1 100 0 0 1 32
430 1 -1 400 0 0 100 0 1 431 99 -1 1 2 0 100 0 1 32
430 1 0 400 0 0 100 0 1 431 99 0 1 2 0 100 0 1 32
430 1 1 400 0 0 100 0 1 431 99 1 1 2 0 100 0 1 32
430 1 -1 400 0 100 100 0 0 431 99 -1 1 1 100 100 0 1 32
430 1 0 400 0 100 100 0 0 431 99 0 1 1 100 100 0 1 32
430 1 1 400 0 100 100 0 0 431 99 1 1 1 100 100 0 1 32
430 1 -1 0 0 0 0 0 0 431 99 -1 1 1 0 0 0 1 32
430 1 0 0 0 0 0 0 0 431 99 0 1 1 0 0 0 1 32
430 1 1 0 0 0 0 0 0 431 99 1 1 1 0 0 0 1 32
430 1 -1 0 0 100 0 1 0 431 99 -1 2 1 100 0 0 1 32
430 1 0 0 0 100 0 1 0 431 99 0 2 1 100 0 0 1 32
430 1 1 0 0 100 0 1 0 431 99 1 2 1 100 0 0 1 32
430 1 -1 0 0 0 100 0 1 431 99 -1 1 2 0 100 0 1 32
430 1 0 0 0 0 100 0 1 431 99 0 1 2 0 100 0 1 32
430 1 1 0 0 0 100 0 1 431 99 1 1 2 0 100 0 1 32
430 1 -1 0 0 100 100 0 0 431 99 -1 1 1 100 100 0 1 32
430 1 0 0 0 100 100 0 0 431 99 0 1 1 100 100 0 1 32
430 1 1 0 0 100 100 0 0 431 99 1 1 1 100 100 0 1 32
431 0 -1 400 400 0 0 0 0 900 -1 -1 0 0 0 0 0 0
431 0 0 400 400 0 0 0 0 900 -1 0 0 0 0 0 0 0
431 0 1 400 400 0 0 0 0 900 -1 1 0 0 0 0 0 0
431 0 -1 400 400 100 0 1 0 900 -1 -1 1 0 100 0 0 0
431 0 0 400 400 100 0 1 0 900 -1 0 1 0 100 0 0 0
431 0 1 400 400 100 0 1 0 900 -1 1 1 0 100 0 0 0
431 0 -1 400 400 0 100 0 1 900 -1 -1 0 1 0 100 0 0
431 0 0 400 400 0 100 0 1 900 -1 0 0 1 0 100 0 0
431 0 1 400 400 0 100 0 1 900 -1 1 0 1 0 100 0 0
431 0 -1 400 400 100 100 0 0 900 -1 -1 0 0 100 100 0 0
431 0 0 400 400 100 100 0 0 900 -1 0 0 0 100 100 0 0
431 0 1 400 400 100 100 0 0 900 -1 1 0 0 100 100 0 0
431 0 -1 0 400 0 0 0 0 900 -1 -1 0 0 0 0 0 0
431 0 0 0 400 0 0 0 0 900 -1 0 0 0 0 0 0 0
431 0 1 0 400 0 0 0 0 900 -1 1 0 0 0 0 0 0
431 0 -1 0 400 100 0 1 0 900 -1 -1 1 0 100 0 0 0
431 0 0 0 400 100 0 1 0 900 -1 0 1 0 100 0 0 0
431 0 1 0 400 100 0 1 0 900 -1 1 1 0 100 0 0 0
431 0 -1 0 400 0 100 0 1 900 -1 -1 0 1 0 100 0 0
431 0 0 0 400 0 100 0 1 900 -1 0 0 1 0 100 0 0
431 0 1 0 400 0 100 0 1 900 -1 1 0 1 0 100 0 0
431 0 -1 0 400 100 100 0 0 900 -1 -1 0 0 100 100 0 0
431 0 0 0 400 100 100 0 0 900 -1 0 0 0 100 100 0 0
431 0 1 0 400 100 100 0 0 900 -1 1 0 0 100 100 0 0
431 0 -1 400 0 0 0 0 0 900 -1 -1 0 0 0 0 0 0
431 0 0 400 0 0 0 0 0 900 -1 0 0 0 0 0 0 0
431 0 1 400 0 0 0 0 0 900 -1 1 0 0 0 0 0 0
431 0 -1 400 0 100 0 1 0 900 -1 -1 1 0 100 0 0 0
431 0 0 400 0 100 0 1 0 900 -1 0 1 0 100 0 0 0
431 0 1 400 0 100 0 1 0 900 -1 1 1 0 100 0 0 0
431 0 -1 400 0 0 100 0 1 900 -1 -1 0 1 0 100 0 0
431 0 0 400 0 0 100 0 1 900 -1 0 0 1 0 100 0 0
431 0 1 400 0 0 100 0 1 900 -1 1 0 1 0 100 0 0
431 0 -1 400 0 100 100 0 0 900 -1 -1 0 0 100 100 0 0
431 0 0 400 0 100 100 0 0 900 -1 0 0 0 100 100 0 0
431 0 1 400 0 100 100 0 0 900 -1 1 0 0 100 100 0 0
431 0 -1 0 0 0 0 0 0 900 -1 -1 0 0 0 0 0 0
431 0 0 0 0 0 0 0 0 900 -1 0 0 0 0 0 0 0
431 0 1 0 0 0 0 0 0 900 -1 1 0 0 0 0 0 0
431 0 -1 0 0 100 0 1 0 900 -1 -1 1 0 100 0 0 0
431 0 0 0 0 100 0 1 0 900 -1 0 1 0 100 0 0 0
431 0 1 0 0 100 0 1 0 900 -1 1 1 0 100 0 0 0
431 0 -1 0 0 0 100 0 1 900 -1 -1 0 1 0 100 0 0
431 0 0 0 0 0 100 0 1 900 -1 0 0 1 0 100 0 0
431 0 1 0 0 0 100 0 1 900 -1 1 0 1 0 100 0 0
431 0 -1 0 0 100 100 0 0 900 -1 -1 0 0 100 100 0 0
431 0 0 0 0 100 100 0 0 900 -1 0 0 0 100 100 0 0
431 0 1 0 0 100 100 0 0 900 -1 1 0 0 100 100 0 0
431 1 -1 400 400 0 0 0 0 431 0 -1 0 0 0 0 0 0
431 1 0 400 400 0 0 0 0 431 0 0 0 0 0 0 0 0
431 1 1 400 400 0 0 0 0 431 0 1 0 0 0 0 0 0
431 1 -1 400 400 100 0 1 0 431 0 -1 1 0 100 0 0 0
431 1 0 400 400 100 0 1 0 431 0 0 1 0 100 0 0 0
431 1 1 400 400 100 0 1 0 431 0 1 1 0 100 0 0 0
431 1 -1 400 400 0 100 0 1 431 0 -1 0 1 0 100 0 0
431 1 0 400 400 0 100 0 1 431 0 0 0 1 0 100 0 0
431 1 1 400 400 0 100 0 1 431 0 1 0 1 0 100 0 0
431 1 -1 400 400 100 100 0 0 431 0 -1 0 0 100 100 0 0
431 1 0 400 400 100 100 0 0 431 0 0 0 0 100 100 0 0
431 1 1 400 400 100 100 0 0 431 0 1 0 0 100 100 0 0
431 1 -1 0 400 0 0 0 0 431 0 -1 0 0 0 0 0 0
431 1 0 0 400 0 0 0 0 431 0 0 0 0 0 0 0 0
431 1 1 0 400 0 0 0 0 431 0 1 0 0 0 0 0 0
431 1 -1 0 400 100 0 1 0 431 0 -1 1 0 100 0 0 0
431 1 0 0 400 100 0 1 0 431 0 0 1 0 100 0 0 0
431 1 1 0 400 100 0 1 0 431 0 1 1 0 100 0 0 0
431 1 -1 0 400 0 100 0 1 431 0 -1 0 1 0 100 0 0
431 1 0 0 400 0 100 0 1 431 0 0 0 1 0 100 0 0
431 1 1 0 400 0 100 0 1 431 0 1 0 1 0 100 0 0
431 1 -1 0 400 100 100 0 0 431 0 -1 0 0 100 100 0 0
431 1 0 0 400 100 100 0 0 431 0 0 0 0 100 100 0 0
431 1 1 0 400 100 100 0 0 431 0 1 0 0 100 100 0 0
431 1 -1 400 0 0 0 0 0 431 0 -1 0 0 0 0 0 0
431 1 0 400 0 0 0 0 0 431 0 0 0 0 0 0 0 0
431 1 1 400 0 0 0 0 0 431 0 1 0 0 0 0 0 0
431 1 -1 400 0 100 0 1 0 431 0 -1 1 0 100 0 0 0
431 1 0 400 0 100 0 1 0 431 0 0 1 0 100 0 0 0
431 1 1 400 0 100 0 1 0 431 0 1 1 0 100 0 0 0
431 1 -1 400 0 0 100 0 1 431 0 -1 0 1 0 100 0 0
431 1 0 400 0 0 100 0 1 431 0 0 0 1 0 100 0 0
431 1 1 400 0 0 100 0 1 431 0 1 0 1 0 100 0 0
431 1 -1 400 0 100 100 0 0 431 0 -1 0 0 100 100 0 0
431 1 0 400 0 100 100 0 0 431 0 0 0 0 100 100 0 0
431 1 1 400 0 100 100 0 0 431 0 1 0 0 100 100 0 0
431 1 -1 0 0 0 0 0 0 431 0 -1 0 0 0 0 0 0
431 1 0 0 0 0 0 0 0 431 0 0 0 0 0 0 0 0
431 1 1 0 0 0 0 0 0 431 0 1 0 0 0 0 0 0
431 1 -1 0 0 100 0 1 0 431 0 -1 1 0 100 0 0 0
431 1 0 0 0 100 0 1 0 431 0 0 1 0 100 0 0 0
431 1 1 0 0 100 0 1 0 431 0 1 1 0 100 0 0 0
431 1 -1 0 0 0 100 0 1 431 0 -1 0 1 0 100 0 0
431 1 0 0 0 0 100 0 1 431 0 0 0 1 0 100 0 0
431 1 1 0 0 0 100 0 1 431 0 1 0 1 0 100 0 0
431 1 -1 0 0 100 100 0 0 431 0 -1 0 0 100 100 0 0
431 1 0 0 0 100 100 0 0 431 0 0 0 0 100 100 0 0
431 1 1 0 0 100 100 0 0 431 0 1 0 0 100 100 0 0
900 0 -1 400 400 0 0 0 0 901 199 -1 0 0 0 0 0 1 14
900 0 0 400 400 0 0 0 0 901 199 0 0 0 0 0 0 1 14
900 0 1 400 400 0 0 0 0 901 199 1 0 0 0 0 0 1 14
900 0 -1 400 400 100 0 1 0 901 199 -1 1 0 100 0 0 1 14
900 0 0 400 400 100 0 1 0 901 199 0 1 0 100 0 0 1 14
900 0 1 400 400 100 0 1 0 901 199 1 1 0 100 0 0 1 14
900 0 -1 400 400 0 100 0 1 901 199 -1 0 1 0 100 0 1 14
900 0 0 400 400 0 100 0 1 901 199 0 0 1 0 100 0 1 14
900 0 1 400 400 0 100 0 1 901 199 1 0 1 0 100 0 1 14
900 0 -1 400 400 100 100 0 0 901 199 -1 0 0 100 100 0 1 14
900 0 0 400 400 100 100 0 0 901 199 0 0 0 100 100 0 1 14
900 0 1 400 400 100 100 0 0 901 199 1 0 0 100 100 0 1 14
900 0 -1 0 400 0 0 0 0 901 199 -1 0 0 0 0 0 1 14
900 0 0 0 400 0 0 0 0 901 199 0 0 0 0 0 0 1 14
900 0 1 0 400 0 0 0 0 901 199 1 0 0 0 0 0 1 14
900 0 -1 0 400 100 0 1 0 901 199 -1 1 0 100 0 0 1 14
900 0 0 0 400 100 0 1 0 901 199 0 1 0 100 0 0 1 14
900 0 1 0 400 100 0 1 0 901 199 1 1 0 100 0 0 1 14
900 0 -1 0 400 0 100 0 1 901 199 -1 0 1 0 100 0 1 14
900 0 0 0 400 0 100 0 1 901 199 0 0 1 0 100 0 1 14
900 0 1 0 400 0 100 0 1 901 199 1 0 1 0 100 0 1 14
900 0 -1 0 400 100 100 0 0 901 199 -1 0 0 100 100 0 1 14
900 0 0 0 400 100 100 0 0 901 199 0 0 0 100 100 0 1 14
900 0 1 0 400 100 100 0 0 901 199 1 0 0 100 100 0 1 14
900 0 -1 400 0 0 0 0 0 901 199 -1 0 0 0 0 0 1 14
900 0 0 400 0 0 0 0 0 901 199 0 0 0 0 0 0 1 14
900 0 1 400 0 0 0 0 0 901 199 1 0 0 0 0 0 1 14
900 0 -1 400 0 100 0 1 0 901 199 -1 1 0 100 0 0 1 14
900 0 0 400 0 100 0 1 0 901 199 0 1 0 100 0 0 1 14
900 0 1 400 0 100 0 1 0 901 199 1 1 0 100 0 0 1 14
900 0 -1 400 0 0 100 0 1 901 199 -1 0 1 0 100 0 1 14
900 0 0 400 0 0 100 0 1 901 199 0 0 1 0 100 0 1 14
900 0 1 400 0 0 100 0 1 901 199 1 0 1 0 100 0 1 14
900 0 -1 400 0 100 100 0 0 901 199 -1 0 0 100 100 0 1 14
900 0 0 400 0 100 100 0 0 901 199 0 0 0 100 100 0 1 14
900 0 1 400 0 100 100 0 0 901 199 1 0 0 100 100 0 1 14
900 0 -1 0 0 0 0 0 0 901 199 -1 0 0 0 0 0 1 14
900 0 0 0 0 0 0 0 0 901 199 0 0 0 0 0 0 1 14
900 0 1 0 0 0 0 0 0 901 199 1 0 0 0 0 0 1 14
900 0 -1 0 0 100 0 1 0 901 199 -1 1 0 100 0 0 1 14
900 0 0 0 0 100 0 1 0 901 199 0 1 0 100 0 0 1 14
900 0 1 0 0 100 0 1 0 901 199 1 1 0 100 0 0 1 14
900 0 -1 0 0 0 100 0 1 901 199 -1 0 1 0 100 0 1 14
900 0 0 0 0 0 100 0 1 901 199 0 0 1 0 100 0 1 14
900 0 1 0 0 0 100 0 1 901 199 1 0 1 0 100 0 1 14
900 0 -1 0 0 100 100 0 0 901 199 -1 0 0 100 100 0 1 14
900 0 0 0 0 100 100 0 0 901 199 0 0 0 100 100 0 1 14
900 0 1 0 0 100 100 0 0 901 199 1 0 0 100 100 0 1 14
900 1 -1 400 400 0 0 0 0 901 199 -1 0 0 0 0 0 1 14
900 1 0 400 400 0 0 0 0 901 199 0 0 0 0 0 0 1 14
900 1 1 400 400 0 0 0 0 901 199 1 0 0 0 0 0 1 14
900 1 -1 400 400 100 0 1 0 901 199 -1 1 0 100 0 0 1 14
900 1 0 400 400 100 0 1 0 901 199 0 1 0 100 0 0 1 14
900 1 1 400 400 100 0 1 0 901 199 1 1 0 100 0 0 1 14
900 1 -1 400 400 0 100 0 1 901 199 -1 0 1 0 100 0 1 14
900 1 0 400 400 0 100 0 1 901 199 0 0 1 0 100 0 1 14
900 1 1 400 400 0 100 0 1 901 199 1 0 1 0 100 0 1 14
900 1 -1 400 400 100 100 0 0 901 199 -1 0 0 100 100 0 1 14
900 1 0 400 400 100 100 0 0 901 199 0 0 0 100 100 0 1 14
900 1 1 400 400 100 100 0 0 901 199 1 0 0 100 100 0 1 14
900 1 -1 0 400 0 0 0 0 901 199 -1 0 0 0 0 0 1 14
900 1 0 0 400 0 0 0 0 901 199 0 0 0 0 0 0 1 14
900 1 1 0 400 0 0 0 0 901 199 1 0 0 0 0 0 1 14
900 1 -1 0 400 100 0 1 0 901 199 -1 1 0 100 0 0 1 14
900 1 0 0 400 100 0 1 0 901 199 0 1 0 100 0 0 1 14
900 1 1 0 400 100 0 1 0 901 199 1 1 0 100 0 0 1 14
900 1 -1 0 400 0 100 0 1 901 199 -1 0 1 0 100 0 1 14
900 1 0 0 400 0 100 0 1 901 199 0 0 1 0 100 0 1 14
900 1 1 0 400 0 100 0 1 901 199 1 0 1 0 100 0 1 14
900 1 -1 0 400 100 100 0 0 901 199 -1 0 0 100 100 0 1 14
900 1 0 0 400 100 100 0 0 901 199 0 0 0 100 100 0 1 14
900 1 1 0 400 100 100 0 0 901 199 1 0 0 100 100 0 1 14
900 1 -1 400 0 0 0 0 0 901 199 -1 0 0 0 0 0 1 14
900 1 0 400 0 0 0 0 0 901 199 0 0 0 0 0 0 1 14
900 1 1 400 0 0 0 0 0 901 199 1 0 0 0 0 0 1 14
900 1 -1 400 0 100 0 1 0 901 199 -1 1 0 100 0 0 1 14
900 1 0 400 0 100 0 1 0 901 199 0 1 0 100 0 0 1 14
900 1 1 400 0 100 0 1 0 901 199 1 1 0 100 0 0 1 14
900 1 -1 400 0 0 100 0 1 901 199 -1 0 1 0 100 0 1 14
900 1 0 400 0 0 100 0 1 901 199 0 0 1 0 100 0 1 14
900 1 1 400 0 0 100 0 1 901 199 1 0 1 0 100 0 1 14
900 1 -1 400 0 100 100 0 0 901 199 -1 0 0 100 100 0 1 14
900 1 0 400 0 100 100 0 0 901 199 0 0 0 100 100 0 1 14
900 1 1 400 0 100 100 0 0 901 199 1 0 0 100 100 0 1 14
900 1 -1 0 0 0 0 0 0 901 199 -1 0 0 0 0 0 1 14
900 1 0 0 0 0 0 0 0 901 199 0 0 0 0 0 0 1 14
900 1 1 0 0 0 0 0 0 901 199 1 0 0 0 0 0 1 14
900 1 -1 0 0 100 0 1 0 901 199 -1 1 0 100 0 0 1 14
900 1 0 0 0 100 0 1 0 901 199 0 1 0 100 0 0 1 14
900 1 1 0 0 100 0 1 0 901 199 1 1 0 100 0 0 1 14
900 1 -1 0 0 0 100 0 1 901 199 -1 0 1 0 100 0 1 14
900 1 0 0 0 0 100 0 1 901 199 0 0 1 0 100 0 1 14
900 1 1 0 0 0 100 0 1 901 199 1 0 1 0 100 0 1 14
900 1 -1 0 0 100 100 0 0 901 199 -1 0 0 100 100 0 1 14
900 1 0 0 0 100 100 0 0 901 199 0 0 0 100 100 0 1 14
900 1 1 0 0 100 100 0 0 901 199 1 0 0 100 100 0 1 14
901 0 -1 400 400 0 0 0 0 100 0 -1 0 0 0 0 0 0
901 0 0 400 400 0 0 0 0 100 0 0 0 0 0 0 0 0
901 0 1 400 400 0 0 0 0 100 0 1 0 0 0 0 0 0
901 0 -1 400 400 100 0 1 0 1000 -1 -1 1 0 100 0 0 0
901 0 0 400 400 100 0 1 0 1000 -1 0 1 0 100 0 0 0
901 0 1 400 400 100 0 1 0 1000 -1 1 1 0 100 0 0 0
901 0 -1 400 400 0 100 0 1 1001 -1 -1 0 1 0 100 0 0
901 0 0 400 400 0 100 0 1 1001 -1 0 0 1 0 100 0 0
901 0 1 400 400 0 100 0 1 1001 -1 1 0 1 0 100 0 0
901 0 -1 400 400 100 100 0 0 100 0 -1 0 0 100 100 0 0
901 0 0 400 400 100 100 0 0 100 0 0 0 0 100 100 0 0
901 0 1 400 400 100 100 0 0 100 0 1 0 0 100 100 0 0
901 0 -1 0 400 0 0 0 0 100 0 -1 0 0 0 0 0 0
901 0 0 0 400 0 0 0 0 100 0 0 0 0 0 0 0 0
901 0 1 0 400 0 0 0 0 100 0 1 0 0 0 0 0 0
901 0 -1 0 400 100 0 1 0 1000 -1 -1 1 0 100 0 0 0
901 0 0 0 400 100 0 1 0 1000 -1 0 1 0 100 0 0 0
901 0 1 0 400 100 0 1 0 1000 -1 1 1 0 100 0 0 0
901 0 -1 0 400 0 100 0 1 1001 -1 -1 0 1 0 100 0 0
901 0 0 0 400 0 100 0 1 1001 -1 0 0 1 0 100 0 0
901 0 1 0 400 0 100 0 1 1001 -1 1 0 1 0 100 0 0
901 0 -1 0 400 100 100 0 0 100 0 -1 0 0 100 100 0 0
901 0 0 0 400 100 100 0 0 100 0 0 0 0 100 100 0 0
901 0 1 0 400 100 100 0 0 100 0 1 0 0 100 100 0 0
901 0 -1 400 0 0 0 0 0 100 0 -1 0 0 0 0 0 0
901 0 0 400 0 0 0 0 0 100 0 0 0 0 0 0 0 0
901 0 1 400 0 0 0 0 0 100 0 1 0 0 0 0 0 0
901 0 -1 400 0 100 0 1 0 1000 -1 -1 1 0 100 0 0 0
901 0 0 400 0 100 0 1 0 1000 -1 0 1 0 100 0 0 0
901 0 1 400 0 100 0 1 0 1000 -1 1 1 0 100 0 0 0
901 0 -1 400 0 0 100 0 1 1001 -1 -1 0 1 0 100 0 0
901 0 0 400 0 0 100 0 1 1001 -1 0 0 1 0 100 0 0
901 0 1 400 0 0 100 0 1 1001 -1 1 0 1 0 100 0 0
901 0 -1 400 0 100 100 0 0 100 0 -1 0 0 100 100 0 0
901 0 0 400 0 100 100 0 0 100 0 0 0 0 100 100 0 0
901 0 1 400 0 100 100 0 0 100 0 1 0 0 100 100 0 0
901 0 -1 0 0 0 0 0 0 100 0 -1 0 0 0 0 0 0
901 0 0 0 0 0 0 0 0 100 0 0 0 0 0 0 0 0
901 0 1 0 0 0 0 0 0 100 0 1 0 0 0 0 0 0
901 0 -1 0 0 100 0 1 0 1000 -1 -1 1 0 100 0 0 0
901 0 0 0 0 100 0 1 0 1000 -1 0 1 0 100 0 0 0
901 0 1 0 0 100 0 1 0 1000 -1 1 1 0 100 0 0 0
901 0 -1 0 0 0 100 0 1 1001 -1 -1 0 1 0 100 0 0
901 0 0 0 0 0 100 0 1 1001 -1 0 0 1 0 100 0 0
901 0 1 0 0 0 100 0 1 1001 -1 1 0 1 0 100 0 0
901 0 -1 0 0 100 100 0 0 100 0 -1 0 0 100 100 0 0
901 0 0 0 0 100 100 0 0 100 0 0 0 0 100 100 0 0
901 0 1 0 0 100 100 0 0 100 0 1 0 0 100 100 0 0
901 1 -1 400 400 0 0 0 0 901 0 -1 0 0 0 0 0 0
901 1 0 400 400 0 0 0 0 901 0 0 0 0 0 0 0 0
901 1 1 400 400 0 0 0 0 901 0 1 0 0 0 0 0 0
901 1 -1 400 400 100 0 1 0 901 0 -1 1 0 100 0 0 0
901 1 0 400 400 100 0 1 0 901 0 0 1 0 100 0 0 0
901 1 1 400 400 100 0 1 0 901 0 1 1 0 100 0 0 0
901 1 -1 400 400 0 100 0 1 901 0 -1 0 1 0 100 0 0
901 1 0 400 400 0 100 0 1 901 0 0 0 1 0 100 0 0
901 1 1 400 400 0 100 0 1 901 0 1 0 1 0 100 0 0
901 1 -1 400 400 100 100 0 0 901 0 -1 0 0 100 100 0 0
901 1 0 400 400 100 100 0 0 901 0 0 0 0 100 100 0 0
901 1 1 400 400 100 100 0 0 901 0 1 0 0 100 100 0 0
901 1 -1 0 400 0 0 0 0 901 0 -1 0 0 0 0 0 0
901 1 0 0 400 0 0 0 0 901 0 0 0 0 0 0 0 0
901 1 1 0 400 0 0 0 0 901 0 1 0 0 0 0 0 0
901 1 -1 0 400 100 0 1 0 901 0 -1 1 0 100 0 0 0
901 1 0 0 400 100 0 1 0 901 0 0 1 0 100 0 0 0
901 1 1 0 400 100 0 1 0 901 0 1 1 0 100 0 0 0
901 1 -1 0 400 0 100 0 1 901 0 -1 0 1 0 100 0 0
901 1 0 0 400 0 100 0 1 901 0 0 0 1 0 100 0 0
901 1 1 0 400 0 100 0 1 901 0 1 0 1 0 100 0 0
901 1 -1 0 400 100 100 0 0 901 0 -1 0 0 100 100 0 0
901 1 0 0 400 100 100 0 0 901 0 0 0 0 100 100 0 0
901 1 1 0 400 100 100 0 0 901 0 1 0 0 100 100 0 0
901 1 -1 400 0 0 0 0 0 901 0 -1 0 0 0 0 0 0
901 1 0 400 0 0 0 0 0 901 0 0 0 0 0 0 0 0
901 1 1 400 0 0 0 0 0 901 0 1 0 0 0 0 0 0
901 1 -1 400 0 100 0 1 0 901 0 -1 1 0 100 0 0 0
901 1 0 400 0 100 0 1 0 901 0 0 1 0 100 0 0 0
901 1 1 400 0 100 0 1 0 901 0 1 1 0 100 0 0 0
901 1 -1 400 0 0 100 0 1 901 0 -1 0 1 0 100 0 0
901 1 0 400 0 0 100 0 1 901 0 0 0 1 0 100 0 0
901 1 1 400 0 0 100 0 1 901 0 1 0 1 0 100 0 0
901 1 -1 400 0 100 100 0 0 901 0 -1 0 0 100 100 0 0
901 1 0 400 0 100 100 0 0 901 0 0 0 0 100 100 0 0
901 1 1 400 0 100 100 0 0 901 0 1 0 0 100 100 0 0
901 1 -1 0 0 0 0 0 0 901 0 -1 0 0 0 0 0 0
901 1 0 0 0 0 0 0 0 901 0 0 0 0 0 0 0 0
901 1 1 0 0 0 0 0 0 901 0 1 0 0 0 0 0 0
901 1 -1 0 0 100 0 1 0 901 0 -1 1 0 100 0 0 0
901 1 0 0 0 100 0 1 0 901 0 0 1 0 100 0 0 0
901 1 1 0 0 100 0 1 0 901 0 1 1 0 100 0 0 0
901 1 -1 0 0 0 100 0 1 901 0 -1 0 1 0 100 0 0
901 1 0 0 0 0 100 0 1 901 0 0 0 1 0 100 0 0
901 1 1 0 0 0 100 0 1 901 0 1 0 1 0 100 0 0
901 1 -1 0 0 100 100 0 0 901 0 -1 0 0 100 100 0 0
901 1 0 0 0 100 100 0 0 901 0 0 0 0 100 100 0 0
901 1 1 0 0 100 100 0 0 901 0 1 0 0 100 100 0 0
902 0 -1 400 400 0 0 0 0 100 0 -1 0 0 0 0 0 0
902 0 0 400 400 0 0 0 0 100 0 0 0 0 0 0 0 0
902 0 1 400 400 0 0 0 0 100 0 1 0 0 0 0 0 0
902 0 -1 400 400 100 0 1 0 1000 0 -1 1 0 100 0 0 0
902 0 0 400 400 100 0 1 0 1000 0 0 1 0 100 0 0 0
902 0 1 400 400 100 0 1 0 1000 0 1 1 0 100 0 0 0
902 0 -1 400 400 0 100 0 1 1001 0 -1 0 1 0 100 0 0
902 0 0 400 400 0 100 0 1 1001 0 0 0 1 0 100 0 0
902 0 1 400 400 0 100 0 1 1001 0 1 0 1 0 100 0 0
902 0 -1 400 400 100 100 0 0 100 0 -1 0 0 100 100 0 0
902 0 0 400 400 100 100 0 0 100 0 0 0 0 100 100 0 0
902 0 1 400 400 100 100 0 0 100 0 1 0 0 100 100 0 0
902 0 -1 0 400 0 0 0 0 100 0 -1 0 0 0 0 0 0
902 0 0 0 400 0 0 0 0 100 0 0 0 0 0 0 0 0
902 0 1 0 400 0 0 0 0 100 0 1 0 0 0 0 0 0
902 0 -1 0 400 100 0 1 0 1000 0 -1 1 0 100 0 0 0
902 0 0 0 400 100 0 1 0 1000 0 0 1 0 100 0 0 0
902 0 1 0 400 100 0 1 0 1000 0 1 1 0 100 0 0 0
902 0 -1 0 400 0 100 0 1 1001 0 -1 0 1 0 100 0 0
902 0 0 0 400 0 100 0 1 1001 0 0 0 1 0 100 0 0
902 0 1 0 400 0 100 0 1 1001 0 1 0 1 0 100 0 0
902 0 -1 0 400 100 100 0 0 100 0 -1 0 0 100 100 0 0
902 0 0 0 400 100 100 0 0 100 0 0 0 0 100 100 0 0
902 0 1 0 400 100 100 0 0 100 0 1 0 0 100 100 0 0
902 0 -1 400 0 0 0 0 0 100 0 -1 0 0 0 0 0 0
902 0 0 400 0 0 0 0 0 100 0 0 0 0 0 0 0 0
902 0 1 400 0 0 0 0 0 100 0 1 0 0 0 0 0 0
902 0 -1 400 0 100 0 1 0 1000 0 -1 1 0 100 0 0 0
902 0 0 400 0 100 0 1 0 1000 0 0 1 0 100 0 0 0
902 0 1 400 0 100 0 1 0 1000 0 1 1 0 100 0 0 0
902 0 -1 400 0 0 100 0 1 1001 0 -1 0 1 0 100 0 0
902 0 0 400 0 0 100 0 1 1001 0 0 0 1 0 100 0 0
902 0 1 400 0 0 100 0 1 1001 0 1 0 1 0 100 0 0
902 0 -1 400 0 100 100 0 0 100 0 -1 0 0 100 100 0 0
902 0 0 400 0 100 100 0 0 100 0 0 0 0 100 100 0 0
902 0 1 400 0 100 100 0 0 100 0 1 0 0 100 100 0 0
902 0 -1 0 0 0 0 0 0 100 0 -1 0 0 0 0 0 0
902 0 0 0 0 0 0 0 0 100 0 0 0 0 0 0 0 0
902 0 1 0 0 0 0 0 0 100 0 1 0 0 0 0 0 0
902 0 -1 0 0 100 0 1 0 1000 0 -1 1 0 100 0 0 0
902 0 0 0 0 100 0 1 0 1000 0 0 1 0 100 0 0 0
902 0 1 0 0 100 0 1 0 1000 0 1 1 0 100 0 0 0
902 0 -1 0 0 0 100 0 1 1001 0 -1 0 1 0 100 0 0
902 0 0 0 0 0 100 0 1 1001 0 0 0 1 0 100 0 0
902 0 1 0 0 0 100 0 1 1001 0 1 0 1 0 100 0 0
902 0 -1 0 0 100 100 0 0 100 0 -1 0 0 100 100 0 0
902 0 0 0 0 100 100 0 0 100 0 0 0 0 100 100 0 0
902 0 1 0 0 100 100 0 0 100 0 1 0 0 100 100 0 0
902 1 -1 400 400 0 0 0 0 100 0 -1 0 0 0 0 0 0
902 1 0 400 400 0 0 0 0 100 0 0 0 0 0 0 0 0
902 1 1 400 400 0 0 0 0 100 0 1 0 0 0 0 0 0
902 1 -1 400 400 100 0 1 0 1000 1 -1 1 0 100 0 0 0
902 1 0 400 400 100 0 1 0 1000 1 0 1 0 100 0 0 0
902 1 1 400 400 100 0 1 0 1000 1 1 1 0 100 0 0 0
902 1 -1 400 400 0 100 0 1 1001 1 -1 0 1 0 100 0 0
902 1 0 400 400 0 100 0 1 1001 1 0 0 1 0 100 0 0
902 1 1 400 400 0 100 0 1 1001 1 1 0 1 0 100 0 0
902 1 -1 400 400 100 100 0 0 100 0 -1 0 0 100 100 0 0
902 1 0 400 400 100 100 0 0 100 0 0 0 0 100 100 0 0
902 1 1 400 400 100 100 0 0 100 0 1 0 0 100 100 0 0
902 1 -1 0 400 0 0 0 0 100 0 -1 0 0 0 0 0 0
902 1 0 0 400 0 0 0 0 100 0 0 0 0 0 0 0 0
902 1 1 0 400 0 0 0 0 100 0 1 0 0 0 0 0 0
902 1 -1 0 400 100 0 1 0 1000 1 -1 1 0 100 0 0 0
902 1 0 0 400 100 0 1 0 1000 1 0 1 0 100 0 0 0
902 1 1 0 400 100 0 1 0 1000 1 1 1 0 100 0 0 0
902 1 -1 0 400 0 100 0 1 1001 1 -1 0 1 0 100 0 0
902 1 0 0 400 0 100 0 1 1001 1 0 0 1 0 100 0 0
902 1 1 0 400 0 100 0 1 1001 1 1 0 1 0 100 0 0
902 1 -1 0 400 100 100 0 0 100 0 -1 0 0 100 100 0 0
902 1 0 0 400 100 100 0 0 100 0 0 0 0 100 100 0 0
902 1 1 0 400 100 100 0 0 100 0 1 0 0 100 100 0 0
902 1 -1 400 0 0 0 0 0 100 0 -1 0 0 0 0 0 0
902 1 0 400 0 0 0 0 0 100 0 0 0 0 0 0 0 0
902 1 1 400 0 0 0 0 0 100 0 1 0 0 0 0 0 0
902 1 -1 400 0 100 0 1 0 1000 1 -1 1 0 100 0 0 0
902 1 0 400 0 100 0 1 0 1000 1 0 1 0 100 0 0 0
902 1 1 400 0 100 0 1 0 1000 1 1 1 0 100 0 0 0
902 1 -1 400 0 0 100 0 1 1001 1 -1 0 1 0 100 0 0
902 1 0 400 0 0 100 0 1 1001 1 0 0 1 0 100 0 0
902 1 1 400 0 0 100 0 1 1001 1 1 0 1 0 100 0 0
902 1 -1 400 0 100 100 0 0 100 0 -1 0 0 100 100 0 0
902 1 0 400 0 100 100 0 0 100 0 0 0 0 100 100 0 0
902 1 1 400 0 100 100 0 0 100 0 1 0 0 100 100 0 0
902 1 -1 0 0 0 0 0 0 100 0 -1 0 0 0 0 0 0
902 1 0 0 0 0 0 0 0 100 0 0 0 0 0 0 0 0
902 1 1 0 0 0 0 0 0 100 0 1 0 0 0 0 0 0
902 1 -1 0 0 100 0 1 0 1000 1 -1 1 0 100 0 0 0
902 1 0 0 0 100 0 1 0 1000 1 0 1 0 100 0 0 0
902 1 1 0 0 100 0 1 0 1000 1 1 1 0 100 0 0 0
902 1 -1 0 0 0 100 0 1 1001 1 -1 0 1 0 100 0 0
902 1 0 0 0 0 100 0 1 1001 1 0 0 1 0 100 0 0
902 1 1 0 0 0 100 0 1 1001 1 1 0 1 0 100 0 0
902 1 -1 0 0 100 100 0 0 100 0 -1 0 0 100 100 0 0
902 1 0 0 0 100 100 0 0 100 0 0 0 0 100 100 0 0
902 1 1 0 0 100 100 0 0 100 0 1 0 0 100 100 0 0
